>Agossypii$
1. 1 2 3 4 5 6 7 8 9 10 11 12 13 14 15 16 17 18 19 20 21 $
2. 22 23 24 25 26 27 28 29 30 31 32 33 34 35 36 37 38 39 40 41 42 43 44 45 46 47 48 49 50 $
3. 51 52 53 54 55 56 57 58 59 60 61 62 63 64 65 66 67 68 69 70 71 72 73 74 75 76 77 $
4. 78 79 80 81 82 83 84 85 86 87 88 89 90 91 92 93 94 95 96 97 98 99 100 101 102 103 104 105 106 107 108 109 110 111 112 113 114 115 116 117 118 119 120 121 122 123 124 125 126 127 128 129 $
5. 130 131 132 133 134 135 136 137 138 139 140 141 142 143 144 145 146 147 148 149 150 151 152 153 154 155 156 157 158 159 160 161 162 163 164 165 166 167 168 169 170 171 172 173 174 175 176 177 178 $
6. 179 180 181 182 183 184 185 186 187 188 189 190 191 192 193 194 195 196 197 198 199 200 201 202 203 204 205 206 207 208 209 210 211 212 213 214 215 216 217 218 219 220 221 222 223 224 225 226 227 228 229 230 231 232 233 234 $
7. 235 236 237 238 239 240 241 242 243 244 245 246 247 248 249 250 251 252 253 254 255 256 257 258 259 260 261 262 263 264 265 266 267 268 269 270 271 272 273 274 275 $

>Sbayanus$
420. 164 $
436. -172 $
447. -43 $
451. -146 $
452. 158 $
454. 89 $
457. 188 $
458. -6 $
459. -247 $
462. 122 $
463. 52 $
467. -194 $
468. -98 $
470. 44 -236 $
474. 205 $
476. 145 $
477. 183 $
480. -266 $
482. -63 $
484. -273 $
485. -230 $
486. -189 $
487. -179 $
488. 115 36 $
489. -43 $
490. 189 $
491. 114 $
495. 205 $
496. 206 $
497. 27 $
500. 149 $
501. -110 $
502. 111 $
503. -255 $
504. 231 $
505. 87 $
507. 256 $
508. -38 $
509. 123 124 $
512. 192 $
514. 193 -272 $
516. 259 260 $
518. 125 -144 $
519. -80 $
520. -85 86 -263 $
521. 108 241 242 $
522. -246 $
523. -156 -155 $
524. -271 $
525. -7 $
527. -97 -96 $
528. -246 $
529. 173 116 $
530. -73 $
532. -21 $
533. -22 $
534. -270 -269 $
535. -25 -24 $
536. 105 10 -264 $
537. 273 123 $
538. 23 $
539. 235 $
540. -272 $
541. -157 $
542. -165 -156 $
543. 170 -1 $
544. 220 221 -34 217 $
545. -223 -222 $
546. 125 $
548. 75 76 $
549. -209 $
550. 165 -147 $
551. -120 $
552. -166 56 $
554. -164 147 $
555. 16 208 $
556. 36 -32 $
557. 186 187 188 $
558. -30 $
559. -134 199 $
560. -54 109 -260 $
561. -275 -83 84 $
562. 235 $
563. -112 -141 -140 $
565. 35 51 $
566. 3 -101 $
568. -204 $
569. 234 $
570. 124 -146 -145 $
571. 245 $
572. -7 4 $
573. -76 $
574. -266 -265 $
575. -118 $
576. 252 213 214 $
577. -153 $
578. 90 -91 $
579. -178 -210 $
580. -56 166 167 168 53 $
581. -45 46 162 $
583. 85 86 -263 -18 -267 $
585. 19 185 $
586. -2 66 $
587. 209 15 -265 $
588. 40 113 114 $
589. -126 -218 $
590. -215 -190 258 $
591. 254 -245 $
592. -54 109 $
593. 33 31 32 $
594. -57 71 $
595. -187 -264 224 -140 $
596. 247 248 249 $
597. 195 $
598. -104 -103 $
599. -95 227 -94 -171 $
600. -213 -252 -268 $
602. 59 $
603. -8 248 249 259 $
604. 211 212 -26 $
605. 59 $
606. -153 $
607. -229 -228 -227 $
609. 89 90 91 97 -201 $
610. 226 $
611. 154 155 -21 $
612. 159 119 121 $
613. -222 35 228 51 52 -37 $
614. -77 130 -131 152 62 $
615. -70 $
616. 45 49 274 238 $
617. 135 -47 -161 $
618. -110 -27 $
619. -256 78 $
620. -73 -53 -168 -167 -179 -87 -58 $
621. -203 -202 -201 $
622. 141 -224 112 $
623. 233 234 $
624. -195 194 $
625. 239 240 $
627. -58 177 88 $
628. -203 -202 98 68 $
629. -50 -74 197 $
630. -6 -4 69 -138 242 $
631. -233 -232 -231 -206 -111 241 -137 $
632. -107 -136 -261 -48 262 $
633. 99 100 -61 -96 99 $
634. 152 -251 216 $
635. 70 -5 174 175 219 $
636. -11 -14 -106 132 133 41 42 79 $
637. -182 -181 -103 64 -65 $
638. 117 -63 -62 39 $
639. -37 -215 101 -18 -267 $
640. -204 $
641. 92 93 139 $
642. 223 -41 -133 -132 106 14 11 $
643. -162 -161 $
644. 196 -211 -30 78 $
645. -176 -46 -10 -105 -104 150 $
646. 67 268 269 -67 -2 66 270 -55 $
648. -225 142 143 144 75 $
650. -154 -258 -214 198 -82 $
651. -220 -219 -175 -174 13 180 181 182 183 $
652. -57 71 -250 38 39 40 113 $
653. -55 -95 -94 -171 196 $
654. 47 -135 $
655. -275 8 9 -180 -13 -12 169 -243 $
656. 15 16 17 -117 -116 -173 -172 $
657. -31 -33 -134 199 200 119 120 121 122 $
658. 184 185 186 5 $
659. 92 93 139 $
660. -29 -28 -253 -244 163 -191 257 $
661. 251 102 240 -72 -237 -81 $
662. 159 160 $
663. -160 143 -68 $
664. -129 -128 -127 $
665. -88 -177 $
666. 230 -12 169 -243 $
667. 193 -192 -25 -24 -23 -22 $
668. -250 115 137 138 -69 118 $
669. 190 -131 -130 77 126 $
670. -148 207 208 210 178 -72 -237 $
671. 236 -44 -271 212 -26 1 -170 -218 -217 34 -221 $
672. 3 200 216 -197 74 50 -255 254 $
673. -129 -128 -127 $
674. -176 60 -102 -83 84 184 20 $
675. -232 -9 -151 -150 -142 225 226 $
676. 151 -149 -148 207 17 -65 -64 229 $
677. -257 191 198 60 -239 -238 -274 -49 61 -100 $
678. -20 -19 -107 -136 -261 -48 262 108 158 -157 42 79 80 81 82 -163 -244 -253 28 29 $


# markers coordinates
1. 1 8108 14846 671 61666 67397 543 13107 16647
2. 1 35718 64189 586 2012 15593 646 42734 53531
3. 1 71775 80533 566 1355 7148 672 2431 5935
4. 1 123792 135778 572 31314 40727 630 37025 42025
5. 1 139715 185550 635 45967 71047 658 93921 117853
6. 1 202843 236372 630 371 23419 458 346 9001
7. 1 245111 275852 525 2116 18897 572 5170 18074
8. 1 291808 304193 603 6390 10608 655 9051 15180
9. 1 300141 328176 655 10830 26343 675 37080 51352
10. 1 371489 382098 536 9892 14062 645 41051 47491
11. 1 391187 402448 642 87536 94942 636 10674 15499
12. 1 418301 464141 655 63368 80792 666 30856 66191
13. 1 463338 479870 655 53964 64021 651 40505 48104
14. 1 495296 519306 636 27518 43145 642 53663 74718
15. 1 544522 563116 587 39559 51600 656 597 9610
16. 1 558272 570102 656 4757 13223 555 3760 6723
17. 1 566752 586061 656 9895 21573 676 86047 94164
18. 1 596007 613607 639 73217 78741 583 22683 34503
19. 1 615227 637582 678 17577 34206 585 1637 12785
20. 1 634067 670052 678 638 21116 674 175108 190632
21. 1 674647 690205 532 13259 25848 611 55496 57491
22. 2 17677 75865 533 605 13766 667 110735 151227
23. 2 71626 101567 667 91053 113475 538 1652 17122
24. 2 106137 127771 535 13569 23160 667 64325 82942
25. 2 124839 141750 667 48342 67524 535 3453 9400
26. 2 153723 179045 671 41888 58138 604 32540 43711
27. 2 184353 202544 618 56069 64460 497 4825 16497
28. 2 205066 221969 678 329141 346533 660 13522 30465
29. 2 223594 235432 660 1140 9011 678 346895 355767
30. 2 236932 277784 558 446 29139 644 24623 39418
31. 2 293537 312270 593 8463 24048 657 3088 8533
32. 2 321534 341291 556 25632 35688 593 25721 46060
33. 2 352545 360928 593 943 7716 657 10007 13169
34. 2 365938 378113 671 136896 144699 544 17616 23360
35. 2 381100 392550 565 806 5631 613 18194 24239
36. 2 427046 437644 556 13480 20553 488 7910 12420
37. 2 455561 465509 613 70277 75367 639 1059 6092
38. 2 476518 482914 652 49588 53614 508 15053 18829
39. 2 482243 550930 652 52940 93067 638 43613 94242
40. 2 548267 569841 652 88952 103380 588 2047 19255
41. 2 570874 581438 636 71878 80475 642 16382 18667
42. 2 578919 594024 636 78187 83385 678 167919 178826
43. 2 641631 649726 447 1354 4610 489 2852 6516
44. 2 662186 674242 671 17000 22426 470 1745 3183
45. 2 676537 699089 616 240 8693 581 4949 14376
46. 2 706452 728353 581 15990 29193 645 19979 28023
47. 2 733226 757374 617 12555 25270 654 18168 30415
48. 2 759984 774495 678 91103 96522 632 69985 82721
49. 2 798510 814498 677 144151 155525 616 20793 26471
50. 2 816068 853883 672 79120 101293 629 10757 29953
51. 3 15601 47814 565 10667 33947 613 42115 66225
52. 3 40324 51807 613 60685 67023 463 3845 6905
53. 3 63134 74957 620 9067 15589 580 50378 55394
54. 3 75271 96458 560 3755 16966 592 6463 16020
55. 3 128649 149036 646 80104 90697 653 1432 16792
56. 3 150614 162691 580 13354 21458 552 16159 25074
57. 3 162893 181271 594 8292 14487 652 1328 9306
58. 3 191573 218350 627 3621 15903 620 57692 77649
59. 3 222802 259395 602 26110 45567 605 7057 25561
60. 3 259732 279800 674 59128 67332 677 71550 80730
61. 3 299408 320577 677 166491 178937 633 38807 51980
62. 3 328044 346521 614 57518 67274 638 21231 29953
63. 3 352024 367651 482 2979 12133 638 15529 19868
64. 3 371964 388393 676 98475 112750 637 48796 52991
65. 3 387122 404970 676 95289 99680 637 57472 70896
66. 3 410923 419994 586 17137 22148 646 54509 58339
67. 3 431343 443636 646 1986 9084 646 34596 41453
68. 3 446477 470976 663 96849 109653 628 35912 53527
69. 3 501241 522470 668 62873 78614 630 46056 57146
70. 3 538347 611701 635 2293 45443 615 6834 59004
71. 3 644229 657402 594 24815 30556 652 15805 22609
72. 3 657718 675973 661 92507 103583 670 83242 91691
73. 3 701792 718582 620 2578 8830 530 14973 24379
74. 3 722725 752882 672 69039 78894 629 30294 49931
75. 3 782483 796752 648 72078 82261 548 6670 12197
76. 3 799212 824830 573 25434 36068 548 14522 23823
77. 3 854587 869709 614 2553 8044 669 47466 56921
78. 4 20775 36382 644 40484 56844 619 36522 37951
79. 4 37143 55611 636 86801 92444 678 186618 200272
80. 4 96109 122782 678 206688 229563 519 145 8176
81. 4 121952 162100 678 228478 255618 661 112733 132913
82. 4 162464 181795 650 85295 98776 678 255782 261703
83. 4 182045 199121 561 15620 31113 674 130951 132874
84. 4 199671 212152 674 134794 145698 561 32266 37052
85. 4 214185 226939 583 2654 9464 520 3163 5579
86. 4 225068 239995 583 7608 15069 520 10517 15614
87. 4 241530 247254 620 50378 55610 505 1685 3700
88. 4 247672 302800 627 62788 98728 665 2475 35758
89. 4 308663 319420 454 1164 6672 609 919 6100
90. 4 321491 343303 609 6956 21864 578 6132 17222
91. 4 341897 347005 609 20389 25730 578 24618 27245
92. 4 350991 375310 641 25502 36712 659 32274 43791
93. 4 369320 424536 659 38012 77370 641 38799 59837
94. 4 424767 435869 653 66080 74773 599 18786 24255
95. 4 440263 461114 653 43325 62905 599 2444 6064
96. 4 480457 486821 633 57237 60956 527 20515 22907
97. 4 487949 508225 609 37298 48061 527 6377 19604
98. 4 508445 522734 628 26917 31761 468 2874 9556
99. 4 537418 554538 633 68584 80618 633 1191 11418
100. 4 553705 579807 633 10657 28538 677 189753 211028
101. 4 609713 647179 639 44707 70924 566 12539 22622
102. 4 647420 658979 661 45916 53867 674 86996 90055
103. 4 675941 685136 637 44911 48305 598 17133 24517
104. 4 680590 715708 598 3836 23476 645 62420 85951
105. 4 725111 739837 645 48862 57003 536 2319 9082
106. 4 752293 770906 636 44552 53939 642 32901 46864
107. 4 777752 789970 678 46617 54166 632 8744 13885
108. 4 805887 817022 678 112858 123838 521 5393 8038
109. 4 827033 867417 592 23791 52130 560 22477 33773
110. 4 868742 900545 618 17607 44616 501 6270 14408
111. 4 900968 913669 502 8312 15455 631 56835 63036
112. 4 914967 927964 622 18402 23485 563 10313 14989
113. 4 928605 942229 588 24937 36175 652 108555 115848
114. 4 959805 973891 491 5646 14942 588 46978 52915
115. 4 974534 979797 668 10297 12673 488 384 3023
116. 4 1016976 1029830 656 42185 50666 529 21884 26699
117. 4 1030727 1058894 638 328 11078 656 23452 41982
118. 4 1059701 1112128 575 3236 36291 668 101242 133311
119. 4 1126441 1160392 657 73422 99006 612 47445 62592
120. 4 1160554 1165675 551 18690 20175 657 100883 103013
121. 4 1165927 1177754 612 63060 71260 657 106619 110796
122. 4 1182236 1186863 462 1128 4785 657 111867 113324
123. 4 1203828 1230060 509 2291 18142 537 21548 31480
124. 4 1219014 1239921 509 12959 20499 570 3274 10400
125. 4 1267291 1277163 518 9059 14838 546 19744 24356
126. 4 1319474 1333030 669 74215 82394 589 4501 13407
127. 4 1333346 1360081 664 65711 73637 673 133128 150121
128. 4 1355407 1382063 664 57752 66562 673 110778 135407
129. 4 1382492 1461692 673 52352 105929 664 23194 55947
130. 5 5878 10609 669 43525 46330 614 8601 10065
131. 5 9428 22848 669 38832 44712 614 15396 22893
132. 5 26840 43546 636 54368 66669 642 20514 26354
133. 5 41233 49206 636 66247 71192 642 18823 22466
134. 5 60022 73111 657 26172 40530 559 9456 18272
135. 5 109560 151890 654 30670 70594 617 5477 10336
136. 5 152451 191812 678 55758 79447 632 14989 41882
137. 5 193752 205786 631 68934 78585 668 40215 42824
138. 5 204812 219825 668 41793 51012 630 67274 76563
139. 5 244067 265745 641 64929 85653 659 79728 86385
140. 5 313261 329068 563 22910 36299 595 32334 38142
141. 5 327924 344950 563 18094 24152 622 4788 14734
142. 5 346719 367238 648 10051 26450 675 119355 124969
143. 5 360392 418356 648 19359 56314 663 42653 73224
144. 5 412116 434493 648 49488 68615 518 15095 17416
145. 5 436582 445256 476 12150 15304 570 13406 15363
146. 5 444618 451625 570 12223 14044 451 1931 6817
147. 5 454817 469166 554 22560 34100 550 24734 27138
148. 5 485155 511302 676 38655 50684 670 1461 18230
149. 5 508171 524982 676 33211 41902 500 1996 7950
150. 5 526781 549095 645 87492 101570 675 104131 115683
151. 5 548472 563778 675 87023 104872 676 26915 30164
152. 5 566187 586415 634 1847 11439 614 33469 47920
153. 5 586885 607040 577 10745 22542 606 32470 39905
154. 5 613775 647928 611 10432 29396 650 1526 20002
155. 5 643760 659174 611 26919 34189 523 21151 27241
156. 5 656513 662855 523 16690 23757 542 26732 28356
157. 5 664899 698933 541 1325 28277 678 144454 165001
158. 5 699003 707351 452 1067 6524 678 131475 135477
159. 5 707819 792118 662 2304 65203 612 12943 46859
160. 5 785301 846513 662 58639 100148 663 7350 40677
161. 5 870789 928859 617 28727 52879 643 42116 89204
162. 5 925950 942957 643 39066 45641 581 29697 39945
163. 5 951174 959802 678 276728 283527 660 64840 67468
164. 5 1007691 1015036 420 990 3122 554 3910 9502
165. 5 1055775 1064279 550 5797 12653 542 5772 8581
166. 5 1082034 1101222 580 23322 37786 552 5820 11180
167. 5 1099999 1109335 580 36428 40991 620 22437 29010
168. 5 1106157 1115755 580 38944 44489 620 18553 23741
169. 5 1117514 1135946 666 66283 76151 655 86336 93064
170. 5 1151106 1171038 671 73780 83751 543 760 11460
171. 5 1176724 1191572 653 100957 107430 599 47587 54887
172. 5 1191841 1235725 656 61508 97731 436 530 3906
173. 5 1215234 1251748 656 54110 81370 529 6767 21397
174. 5 1253625 1261563 651 36766 39529 635 81217 86631
175. 5 1259842 1292835 635 84673 94889 651 9983 34908
176. 5 1294725 1309104 645 14478 17012 674 4670 16132
177. 5 1431488 1464872 627 25899 45405 665 79330 92354
178. 5 1492208 1501609 670 79762 82522 579 15795 22983
179. 6 15855 25688 487 4801 12815 620 34960 38350
180. 6 93525 111539 651 49223 61312 655 37420 44737
181. 6 108546 137706 651 58412 83230 637 21812 34901
182. 6 140404 170401 637 1413 21578 651 87189 97276
183. 6 169508 191176 651 96386 105763 477 1938 14321
184. 6 204027 242437 658 5882 27109 674 150330 173946
185. 6 242638 319018 585 16976 57274 658 29383 73482
186. 6 325923 347319 557 1975 12927 658 74816 88021
187. 6 346546 368573 557 12115 24475 595 726 13769
188. 6 367581 378243 557 23423 31051 457 730 5617
189. 6 386001 408489 486 812 13143 490 1810 11100
190. 6 413769 442195 669 14662 30711 590 12623 23200
191. 6 448632 457733 677 37974 44650 660 82859 84718
192. 6 476215 504140 667 21913 46380 512 5035 17164
193. 6 508245 524046 667 13291 18167 514 1215 8865
194. 6 564252 578307 467 337 9866 624 70361 74311
195. 6 583066 628259 597 2812 53703 624 56552 70089
196. 6 665678 678169 644 2706 10808 653 110080 116256
197. 6 707303 714919 629 51999 55849 672 65059 68661
198. 6 759551 772192 677 44885 54403 650 67377 73399
199. 6 795844 809149 559 18744 32256 657 43201 45026
200. 6 810381 849706 672 13192 33544 657 46998 72804
201. 6 861537 882954 621 49378 65513 609 48521 59779
202. 6 877994 900873 621 37581 54137 628 14669 21466
203. 6 898996 927680 628 7065 15751 621 20354 38348
204. 6 950588 987801 640 36549 67230 568 11608 30184
205. 6 995054 1015448 495 942 17447 474 4721 12783
206. 6 1036526 1065076 631 38830 56630 496 7969 12323
207. 6 1073144 1102524 670 19155 32635 676 50994 82023
208. 6 1119267 1130663 670 41033 43642 555 14123 20636
209. 6 1133761 1168551 587 14518 31220 549 4846 24738
210. 6 1176836 1222229 670 53150 79603 579 23985 38156
211. 6 1234193 1243376 604 24415 30022 644 19994 22130
212. 6 1240748 1248494 604 27245 31913 671 32391 35765
213. 6 1274600 1306868 576 19159 38786 600 3124 16151
214. 6 1302660 1318038 576 32512 41175 650 36765 43446
215. 6 1335909 1346413 590 695 10663 639 21971 25169
216. 6 1346672 1364394 634 72259 78200 672 57668 64435
217. 6 1377891 1385073 544 23771 26490 671 132266 136702
218. 6 1404410 1411239 671 125096 129752 589 40604 46198
219. 6 1427498 1435528 651 2484 6974 635 96543 101131
220. 6 1435170 1444840 651 1311 2744 544 998 9449
221. 6 1440425 1461100 544 4311 15764 671 147211 153694
222. 6 1462098 1476716 613 3903 17551 545 24563 25501
223. 6 1481482 1496254 642 1010 9719 545 5197 16094
224. 6 1540129 1552889 595 22686 29837 622 15374 17551
225. 6 1552950 1579764 648 4461 8534 675 128201 146033
226. 6 1564801 1589858 675 135176 148174 610 5969 10434
227. 6 1622021 1640495 599 12155 17499 607 20778 34370
228. 6 1646536 1659196 613 32742 38761 607 12456 18993
229. 6 1653934 1672224 607 659 18000 676 113715 117390
230. 6 1679043 1688670 666 23815 30653 485 7161 10064
231. 6 1697786 1718217 504 12071 24598 631 29644 37826
232. 6 1719125 1758824 675 173 30478 631 6636 28814
233. 6 1757793 1770067 631 1496 7763 623 599 8607
234. 6 1768601 1791485 623 7216 22891 569 210 15326
235. 7 53004 82431 562 12097 25593 539 4454 9850
236. 7 82640 96718 671 8311 16030 470 3942 9505
237. 7 108309 114543 661 110329 112535 670 120146 124017
238. 7 132225 154170 677 103759 121589 616 60042 62774
239. 7 137221 191198 677 89527 120430 625 1646 32218
240. 7 184064 201278 625 27264 34314 661 64528 73106
241. 7 207149 224344 631 63317 68397 521 10486 17045
242. 7 223688 234269 521 15816 23236 630 76865 81461
243. 7 252475 284703 655 93237 107935 666 76337 92982
244. 7 295808 305090 678 293312 299306 660 51581 54928
245. 7 321080 363485 591 31095 57903 571 11139 44265
246. 7 379968 430625 522 907 29560 528 6664 30495
247. 7 455753 473288 596 6097 20497 459 5697 9721
248. 7 470958 520732 596 18661 55432 603 19585 42041
249. 7 524763 539107 596 56119 69664 603 43366 48127
250. 7 577092 586970 668 5637 9899 652 25966 32205
251. 7 710757 734388 661 1939 13337 634 29312 41986
252. 7 735204 740405 600 18968 21440 576 9624 11951
253. 7 762739 784004 660 39598 48088 678 303938 326114
254. 7 819018 853739 672 144535 164964 591 1303 17250
255. 7 874110 922094 672 113658 143056 503 736 19677
256. 7 928296 971500 507 1280 21105 619 1789 29313
257. 7 994813 1049670 660 88831 123693 677 1454 37640
258. 7 1061516 1070841 650 26143 32824 590 30681 33816
259. 7 1071485 1090244 516 63 18916 603 50042 52733
260. 7 1082412 1103487 516 10562 22358 560 34719 42378
261. 7 1118039 1144005 632 42317 69644 678 80045 86711
262. 7 1144530 1162311 632 83057 92345 678 98077 108796
263. 7 1172567 1184849 520 16031 24578 583 15380 21792
264. 7 1202388 1211711 595 16356 21901 536 14629 18955
265. 7 1223989 1244066 574 16647 34504 587 56476 65558
266. 7 1240893 1266244 574 1228 19921 480 2304 7084
267. 7 1270713 1289154 639 81027 99023 583 39719 45671
268. 7 1304401 1319859 600 37056 43840 646 16518 26681
269. 7 1313736 1330305 646 20441 32409 534 10938 20032
270. 7 1326404 1339139 534 5341 15929 646 69241 77774
271. 7 1350244 1359205 524 9244 16315 671 22531 27650
272. 7 1359353 1377079 540 17757 32344 514 13418 19151
273. 7 1377726 1408770 484 2491 12689 537 2051 21308
274. 7 1411385 1425761 616 33336 47907 677 130235 134384
275. 7 1442896 1448464 655 1714 4626 561 9592 13430
