>Agossypii$
1. 1 2 3 4 5 6 7 8 9 10 11 12 13 14 15 16 17 18 19 20 21 22 23 24 25 26 27 28 29 $
2. 30 31 32 33 34 35 36 37 38 39 40 41 42 43 44 45 46 47 48 49 50 51 52 53 54 55 56 57 $
3. 58 59 60 61 62 63 64 65 66 67 68 69 70 71 72 73 74 75 76 77 78 79 80 81 82 83 84 85 86 87 88 89 $
4. 90 91 92 93 94 95 96 97 98 99 100 101 102 103 104 105 106 107 108 109 110 111 112 113 114 115 116 117 118 119 120 121 122 123 124 125 126 127 128 129 130 131 132 133 134 135 136 137 138 139 140 141 $
5. 142 143 144 145 146 147 148 149 150 151 152 153 154 155 156 157 158 159 160 161 162 163 164 165 166 167 168 169 170 171 172 173 174 175 176 177 178 179 180 181 182 183 184 185 186 187 188 189 190 191 192 193 194 195 196 197 $
6. 198 199 200 201 202 203 204 205 206 207 208 209 210 211 212 213 214 215 216 217 218 219 220 221 222 223 224 225 226 227 228 229 230 231 232 233 234 235 236 237 238 239 240 241 242 243 244 245 246 247 248 249 250 251 252 253 254 255 256 $
7. 257 258 259 260 261 262 263 264 265 266 267 268 269 270 271 272 273 274 275 276 277 278 279 280 281 282 283 284 285 286 287 288 289 290 291 292 293 294 295 296 297 298 299 300 301 302 303 $

>Scerevisiae$
1. -141 -140 -139 -89 -88 142 143 -208 $
10. -249 159 160 87 199 -138 211 -2 -124 -158 -157 -156 76 75 -5 296 297 -75 -3 74 -6 298 -62 -163 229 231 230 234 197 -82 -260 -259 -258 -51 52 174 -36 90 $
11. -197 -234 -230 -172 160 -76 -219 146 39 37 38 -43 -127 -126 -125 -46 -45 274 275 -81 64 -128 -42 2 -211 138 -199 -87 -295 131 225 $
12. 66 -218 113 -4 -3 74 4 220 -61 -241 242 -214 85 57 -283 -269 282 270 271 -13 -255 -254 -60 121 -288 -287 -273 -272 11 15 294 26 -113 240 -280 44 -58 -41 246 247 171 172 173 53 -148 $
13. 92 235 236 237 -32 1 -185 -92 235 -174 -173 -231 -24 55 187 130 -70 46 125 126 43 -38 -37 -39 -146 219 220 132 133 134 -201 -204 -203 -202 -20 188 189 245 -40 243 244 -267 185 -1 32 -237 299 50 -257 $
14. 104 105 106 154 -228 -254 -253 -252 -251 -250 30 31 210 -300 -49 -198 -99 -65 194 195 191 100 101 103 -102 -303 11 -13 12 14 -178 -202 -20 -19 184 -266 $
15. 104 105 106 154 -228 -227 -123 -248 -170 -169 -180 -179 167 162 -136 -137 -181 267 -88 142 -143 -16 165 70 -71 -150 151 152 192 -77 -295 131 -194 65 99 198 183 59 84 -213 232 23 294 26 292 -98 97 80 78 -8 188 189 245 -40 243 244 89 139 -140 141 $
16. 73 -72 115 203 204 205 206 8 -78 -80 -97 98 -292 -291 54 290 149 119 120 263 264 133 265 -129 -277 278 -147 114 262 -83 -82 -260 -259 -93 -91 -48 -47 -145 -144 118 21 18 -22 226 53 -148 $
2. 83 -262 -261 -193 -302 -56 -86 -51 258 94 -177 -217 239 286 168 -155 -29 155 -35 -34 281 268 175 176 177 -94 -93 -91 -48 169 -248 -170 -120 -291 54 290 149 119 27 28 -207 -293 -157 -156 158 124 $
3. -256 -12 14 -178 -164 -159 249 253 -19 184 -266 $
4. 30 31 33 -289 122 -215 -60 121 122 -215 -303 -95 96 201 -134 -132 -171 -247 -179 167 162 -137 -136 -181 -168 -29 -35 -34 -281 -268 175 176 -209 285 -284 -283 -269 282 270 271 272 273 287 288 289 -33 129 -265 -264 152 192 -77 7 9 10 301 135 -161 200 -79 -63 182 183 59 84 -213 232 23 24 25 -130 -187 -55 -233 150 151 -263 123 227 255 256 $
5. -252 71 72 73 -25 -229 163 164 116 117 17 52 190 196 221 -110 112 68 -69 86 56 302 193 261 -67 -216 -217 -209 285 -284 $
6. -57 -85 214 -242 -241 277 278 165 -15 -166 109 -111 222 223 224 $
7. -224 -223 -222 -221 -196 -190 216 67 -114 -147 -95 96 205 28 -207 -206 -27 276 279 238 239 -286 208 240 -280 44 -58 -251 -41 246 180 -47 -145 -144 118 21 18 -22 226 238 -279 -276 -296 -6 5 297 298 -62 -61 -108 -107 -153 -186 212 299 50 -257 $
8. 66 -218 -45 274 -42 -275 127 -233 -166 -9 -7 10 301 135 -161 200 -79 -63 182 49 300 -210 -108 250 -107 -153 -186 212 -236 -36 90 $
9. -225 195 191 100 101 102 103 69 -68 -112 110 111 -109 115 116 117 17 -293 -16 128 -64 81 $


# markers coordinates
1. 1 8108 14846 13 809622 815310 13 51640 55110
2. 1 16155 32205 10 285553 302844 11 458567 465714
3. 1 35718 64790 12 131204 150162 10 425151 435920
4. 1 64596 80533 12 121321 131413 12 177607 187128
5. 1 100017 108322 10 393962 396587 7 845898 854900
6. 1 111643 121155 7 836392 844965 10 448470 450658
7. 1 126584 135778 8 190536 197226 4 1019364 1024751
8. 1 139715 190687 15 795802 820773 16 216011 251667
9. 1 202080 245764 8 175541 189857 4 1038276 1068386
10. 1 241008 283566 4 1063348 1095175 8 215185 237695
11. 1 291808 302596 12 636782 641023 14 606320 614361
12. 1 305739 322391 3 91324 105548 14 621315 627144
13. 1 322958 330100 12 506136 510234 14 618509 620980
14. 1 330292 346467 3 105696 122326 14 627458 631063
15. 1 348358 358409 12 658828 662835 6 174257 180735
16. 1 365987 370463 15 272004 274354 9 381083 382379
17. 1 371489 382098 9 370701 374857 5 177834 184218
18. 1 391187 402448 7 717362 724768 16 786204 791116
19. 1 418301 464141 14 662915 680456 3 208131 240007
20. 1 463338 479870 14 652467 663583 13 675895 683563
21. 1 495296 524219 16 753299 775180 7 678699 706505
22. 1 526057 536910 16 794961 804076 7 726978 730826
23. 1 544522 563116 15 626629 638559 4 1284061 1293083
24. 1 562364 570102 4 1292364 1296678 13 192788 195755
25. 1 566752 586061 4 1293361 1305064 5 52721 60851
26. 1 596007 613607 12 724723 730303 15 684031 697335
27. 1 615227 637582 2 645545 662244 7 385199 401290
28. 1 638745 670052 7 270398 285953 2 662990 680045
29. 1 674647 690205 4 471850 482264 2 298292 306955
30. 2 12702 127771 14 191325 292671 4 22823 70320
31. 2 124839 141750 14 289500 308614 4 74447 80413
32. 2 148102 161081 13 42043 50954 13 815650 824630
33. 2 181138 204445 4 84271 95787 4 927448 945148
34. 2 205066 221969 2 337181 353291 4 497832 522925
35. 2 223594 235432 4 489505 497315 2 328369 336816
36. 2 236932 277784 10 669516 701685 8 488657 501143
37. 2 293537 309334 11 219968 233535 13 459423 464826
38. 2 308042 341291 11 231871 257487 13 434787 457260
39. 2 341667 360928 13 466299 480189 11 203185 218861
40. 2 365938 378113 13 733544 741311 15 868339 874070
41. 2 378257 392550 12 841330 852018 7 599421 605505
42. 2 393181 420623 11 421067 444581 8 95114 105086
43. 2 427046 442233 13 422502 431094 11 258897 270294
44. 2 455561 468182 7 531887 544209 12 795573 805106
45. 2 469091 482914 8 66239 78350 11 359786 363836
46. 2 482243 569841 13 291133 370516 11 308850 360460
47. 2 570874 581438 16 716154 724715 7 640724 643012
48. 2 578919 594024 16 713273 718466 2 501798 512768
49. 2 641041 657630 8 341668 352456 14 392894 400539
50. 2 658141 674242 7 1027376 1039244 13 855398 860890
51. 2 674661 699089 2 125128 135519 10 629579 638969
52. 2 706452 728353 10 640819 654232 5 196947 204962
53. 2 733226 757374 12 1039268 1051882 16 864445 876625
54. 2 759984 774495 2 583715 589109 16 357997 370660
55. 2 780985 786249 13 205642 208860 4 1382311 1384768
56. 2 798510 814498 5 337945 349342 2 107934 113447
57. 2 816068 853883 12 265457 289251 6 36803 55985
58. 3 15601 51807 12 805887 839252 7 545685 581440
59. 3 62415 74957 15 552299 559732 4 1219405 1224386
60. 3 75271 96458 12 546099 559291 4 159605 169609
61. 3 97258 114807 7 913508 930818 12 239348 243350
62. 3 124650 148392 7 894698 912817 10 464444 471664
63. 3 150614 162691 4 1176332 1184251 8 316575 326629
64. 3 162893 182087 9 399774 405964 11 403223 417666
65. 3 191573 218350 14 443400 457145 15 490198 511179
66. 3 222802 259395 8 26239 45688 12 41279 68255
67. 3 259732 279800 7 154621 165097 5 413390 422442
68. 3 280760 291942 9 231550 237757 5 301945 311195
69. 3 294920 320577 9 212496 231069 5 314530 327027
70. 3 328044 362595 15 301381 331052 13 267174 277211
71. 3 367875 380375 15 331456 338622 5 34407 41953
72. 3 381119 388393 16 44551 48802 5 42400 48373
73. 3 387122 404970 5 47168 51539 16 26611 40077
74. 3 410923 419994 12 151388 156333 10 436796 440639
75. 3 431343 443636 10 383832 390848 10 417556 424103
76. 3 443876 470976 11 163647 179179 10 356019 373794
77. 3 501241 522470 15 400348 415908 4 1002506 1013639
78. 3 526247 611701 16 252033 309603 15 742911 795333
79. 3 614407 621863 4 1169172 1174170 8 297388 301937
80. 3 626484 643438 16 310209 318944 15 733926 741570
81. 3 644229 657402 9 416121 421787 11 389883 401723
82. 3 657718 675973 16 637376 648372 10 578853 587366
83. 3 676278 689857 2 9961 21293 16 631512 637221
84. 3 700044 721642 4 1224749 1236117 15 559962 569559
85. 3 722725 752882 12 255307 265255 6 56335 76145
86. 3 771971 781198 2 113765 124762 5 333172 337336
87. 3 782483 834552 10 137376 172364 11 530588 564780
88. 3 854587 886103 15 234939 252645 1 108878 129020
89. 3 877337 895843 1 101566 118315 15 916027 921059
90. 4 20775 33470 8 502388 516485 10 702021 705266
91. 4 37143 67586 16 690104 709826 2 474386 494109
92. 4 72248 93036 13 15136 20536 13 78335 90731
93. 4 96109 162100 2 424984 473920 16 657526 687595
94. 4 162464 181795 2 146190 159696 2 418901 424823
95. 4 182045 199121 4 248581 264110 7 226404 228334
96. 4 199671 212152 7 230248 241090 4 265258 269976
97. 4 214185 224414 15 725565 733458 16 319225 321629
98. 4 225068 239995 15 717087 724726 16 324410 331698
99. 4 241530 247254 15 513296 518491 14 438569 442360
100. 4 247672 305257 14 503725 551988 9 134414 173025
101. 4 302840 320885 14 549469 569692 9 175304 183124
102. 4 321491 343303 9 183934 199400 14 584321 597540
103. 4 341897 347005 9 197928 203256 14 574507 577039
104. 4 350991 357813 14 27336 31377 15 55557 58538
105. 4 359741 375310 14 31943 38553 15 58759 67114
106. 4 369320 424536 15 61325 100957 14 40618 64562
107. 4 424767 435869 7 961364 970058 8 413688 420075
108. 4 440263 467390 7 932544 958213 8 392642 401958
109. 4 468446 479931 6 220495 226538 9 311163 317930
110. 4 480457 508225 5 237569 254386 9 275107 291668
111. 4 506849 530265 9 290418 310424 6 226950 231928
112. 4 530545 579807 5 254655 301614 9 238096 274925
113. 4 609713 647179 12 732544 758835 12 105685 115992
114. 4 647420 658979 16 592329 600214 7 182396 185400
115. 4 675941 685136 16 49303 52671 9 334879 343653
116. 4 680590 715708 9 335663 356892 5 138918 162441
117. 4 717236 739837 5 162722 176011 9 357412 369905
118. 4 752293 770906 16 742452 751917 7 656964 671915
119. 4 777752 789970 2 625767 633376 16 426230 431366
120. 4 804734 817022 16 444576 456661 2 556543 567475
121. 4 827033 868425 4 176774 212047 12 562010 573920
122. 4 868742 900545 4 107209 135437 4 213352 229431
123. 4 900968 913669 15 136527 143696 4 1422755 1428972
124. 4 914967 927964 2 771235 776309 10 303176 310632
125. 4 928605 949859 13 379585 396378 11 291097 301526
126. 4 959805 974432 11 277925 288217 13 401540 407583
127. 4 972893 979797 11 274927 279771 8 113494 115896
128. 4 980809 984530 9 397291 399233 11 417953 420859
129. 4 989728 993125 4 956009 958335 16 498094 502181
130. 4 1016976 1058894 13 241989 258416 4 1306259 1333961
131. 4 1059701 1112128 11 578851 611907 15 438908 480422
132. 4 1126441 1160392 13 533162 558523 4 301413 316388
133. 4 1160554 1165675 16 486710 488205 13 560365 562527
134. 4 1165927 1186863 4 282112 300999 13 564434 572714
135. 4 1203828 1248463 4 1117121 1140471 8 258246 279726
136. 4 1252063 1261317 4 405341 412997 15 210520 218448
137. 4 1253622 1265539 15 210520 216137 4 399337 407203
138. 4 1267291 1277163 11 517840 523611 10 192530 197124
139. 4 1319474 1360081 1 79719 101146 15 921532 957986
140. 4 1359230 1382063 1 71787 80588 15 959199 986459
141. 4 1382492 1461692 15 989786 1041397 1 36510 69526
142. 5 5878 10609 1 129271 131986 15 253148 254616
143. 5 9428 22848 1 130802 136635 15 259924 267530
144. 5 26840 43546 16 729789 742062 7 644864 650621
145. 5 41233 49206 16 725392 730211 7 643152 646819
146. 5 60022 73111 13 483013 497448 11 193573 201415
147. 5 80282 89688 7 191135 200148 16 573015 577355
148. 5 109560 151890 16 876843 919037 12 1053627 1058516
149. 5 152451 191812 2 600548 624207 16 398477 425093
150. 5 191997 200227 15 368127 370844 4 1404437 1414266
151. 5 197321 205786 4 1410445 1416866 15 378219 380806
152. 5 204812 219825 15 379781 388684 4 969986 979205
153. 5 220152 243743 8 420376 429180 7 970776 993526
154. 5 244067 272511 14 66517 94801 15 101475 109889
155. 5 273099 282529 2 284428 291865 2 310564 314788
156. 5 285808 314856 2 746356 757101 10 328113 348632
157. 5 296782 329068 10 315754 345738 2 738577 744393
158. 5 327924 344950 10 310917 316975 2 757616 767602
159. 5 345743 361630 3 170882 178216 10 73786 85334
160. 5 364002 418356 10 87581 121686 11 109274 145383
161. 5 436582 451625 4 1141162 1150514 8 281497 284627
162. 5 454817 469166 4 387510 399126 15 202696 207176
163. 5 485155 528198 5 96858 117474 10 486579 517506
164. 5 526781 563778 5 116167 135234 3 137744 166335
165. 5 568246 586415 15 278057 292075 6 162482 168489
166. 5 586885 607040 6 199862 210056 8 134547 146055
167. 5 608518 613559 15 198942 202518 4 375677 378442
168. 5 613775 662855 4 432327 462513 2 227639 269503
169. 5 664899 702544 15 155287 189414 2 515658 536090
170. 5 699003 707351 15 153912 159445 2 545022 549003
171. 5 707819 792118 12 878282 940979 4 316971 351037
172. 5 785301 847840 12 934412 988110 11 74937 108604
173. 5 842596 928859 12 982891 1035761 13 111865 165326
174. 5 925950 942957 13 104777 115347 10 654731 665013
175. 5 951174 959802 2 398608 405245 4 565021 567553
176. 5 955996 970332 2 401247 413975 4 569232 573723
177. 5 964615 983007 2 409163 416900 2 160187 169379
178. 5 994534 1006945 3 128468 136871 14 633010 635299
179. 5 1007691 1016813 15 194970 198725 4 369769 375286
180. 5 1015437 1025288 15 193832 196337 7 634308 640375
181. 5 1055775 1064279 15 219210 226074 4 413950 416705
182. 5 1082034 1101222 4 1186100 1200545 8 328306 335666
183. 5 1099999 1115755 4 1199175 1213606 15 539764 550247
184. 5 1117514 1135946 3 240099 250042 14 680696 692859
185. 5 1136580 1171038 13 784620 807547 13 56773 73920
186. 5 1172383 1191572 8 440379 461530 7 995644 1002245
187. 5 1191841 1251748 4 1334813 1382038 13 209525 241536
188. 5 1253625 1261563 13 684466 687283 15 831058 836430
189. 5 1259842 1294268 15 834451 845791 13 689082 713670
190. 5 1294725 1309104 5 207643 210231 7 97342 110408
191. 5 1309431 1348333 14 488387 502778 9 97395 131662
192. 5 1363438 1373307 4 994238 1002019 15 392416 400104
193. 5 1386794 1397034 2 75256 84259 5 366798 372009
194. 5 1421285 1433797 14 457706 469625 15 482035 486781
195. 5 1431488 1464872 14 467133 488125 9 83302 96375
196. 5 1465361 1484749 5 212586 221286 7 82877 94465
197. 5 1492208 1501609 10 575347 578183 11 31083 38154
198. 6 5332 25688 15 519122 533794 14 412773 429755
199. 6 26781 43402 10 173596 191089 11 526472 530126
200. 6 44349 55033 4 1151797 1168653 8 284841 296450
201. 6 56150 93240 4 270222 281848 13 574475 600871
202. 6 93525 109307 13 664751 674765 14 636988 644195
203. 6 108546 137706 13 640914 665521 16 64977 82356
204. 6 140404 206024 16 82625 132227 13 605980 637003
205. 6 204027 242437 16 130161 151329 7 245721 269194
206. 6 242638 347319 7 325334 384769 16 151514 213961
207. 6 349435 411169 2 682174 720599 7 289812 323233
208. 6 413769 443253 1 142176 159794 7 485925 498038
209. 6 448632 457733 4 582789 587717 5 453454 460218
210. 6 476215 542635 14 310638 373583 8 359705 388729
211. 6 543553 628259 10 207873 285266 11 469360 508195
212. 6 665678 678169 8 467228 475340 7 1004630 1010772
213. 6 678895 706300 15 569930 594047 4 1236550 1256839
214. 6 707303 714919 6 78053 81910 12 251273 254959
215. 6 719456 730092 4 229906 239606 4 135897 139206
216. 6 734202 757939 7 122699 144054 5 425184 433954
217. 6 763629 772192 2 170626 177529 5 439612 441815
218. 6 773305 789067 8 45927 55847 12 68579 76746
219. 6 795844 809149 11 179672 193069 13 497703 502733
220. 6 817070 849706 12 199541 214457 13 507501 533026
221. 6 857879 877654 5 222638 237118 7 69671 81185
222. 6 877994 900873 6 231999 244146 7 52731 69331
223. 6 898996 927680 6 243061 251790 7 35653 53528
224. 6 931305 937750 7 23935 32635 6 252492 255036
225. 6 938918 987801 9 40191 83041 11 617638 639606
226. 6 989036 1025042 7 739949 773691 16 822616 844016
227. 6 1036526 1065076 4 1429180 1446986 15 116396 135838
228. 6 1064087 1069847 15 114138 117454 14 105184 110411
229. 6 1073144 1102524 10 518756 531359 5 65385 96578
230. 6 1104503 1111493 10 544055 548236 11 68274 73870
231. 6 1119267 1130663 10 536049 539259 13 173139 181075
232. 6 1133761 1168551 15 601384 618289 4 1258688 1278429
233. 6 1168935 1175672 8 126515 132915 4 1401762 1404165
234. 6 1176836 1222229 10 548752 575164 11 39164 63360
235. 6 1226727 1235884 13 92235 99400 13 20762 25801
236. 6 1234193 1243376 13 24038 29807 8 484028 486179
237. 6 1240748 1248494 13 26930 31684 13 841941 845344
238. 6 1286527 1306868 7 784228 793058 7 431553 446148
239. 6 1302660 1325805 7 440068 457072 2 199067 209227
240. 6 1335909 1346413 7 498480 508368 12 778173 783387
241. 6 1346672 1352862 6 103693 107579 12 243887 246073
242. 6 1355811 1377209 6 82578 97496 12 246325 250979
243. 6 1377891 1385073 15 874742 880673 13 741511 745922
244. 6 1388049 1411239 13 746352 752904 15 880963 894089
245. 6 1427498 1461709 13 716714 733140 15 846268 867851
246. 6 1462098 1496254 7 606140 634067 12 853460 871366
247. 6 1496952 1509934 4 359825 368211 12 871696 877177
248. 6 1525293 1532307 15 144204 150276 2 536569 539699
249. 6 1552950 1589858 10 54379 73413 3 179516 199545
250. 6 1622021 1640495 8 407106 412409 14 146897 164321
251. 6 1646536 1659196 7 584899 590915 14 138551 145282
252. 6 1653934 1676058 14 122883 144079 5 29797 33466
253. 6 1679043 1688670 3 201170 207946 14 119268 122170
254. 6 1691540 1707101 12 523634 534395 14 110917 118809
255. 6 1706340 1721395 12 511056 524392 4 1447822 1459212
256. 6 1722130 1791485 3 27929 82275 4 1462350 1500545
257. 7 30730 96718 13 861921 902412 7 1039901 1063159
258. 7 102113 107431 2 141250 145731 10 620747 623006
259. 7 108309 114543 16 655137 657341 10 615569 619758
260. 7 119645 131872 10 595054 610737 16 650432 654844
261. 7 132225 184756 5 372322 404348 2 43274 74692
262. 7 184064 201278 2 37050 44086 16 610478 619011
263. 7 207149 224344 4 1417391 1422477 16 457115 465645
264. 7 223688 242201 16 464398 481898 4 963408 969676
265. 7 242750 252319 4 958677 963102 16 488885 497717
266. 7 252475 284703 14 693021 707610 3 250235 272860
267. 7 285188 294793 13 775314 784280 15 228613 231271
268. 7 295808 305090 2 383209 389211 4 551858 555150
269. 7 321080 363485 4 728256 755063 12 374945 410194
270. 7 365960 453661 4 768509 816557 12 417007 447576
271. 7 453737 473288 12 491868 500272 4 817947 832470
272. 7 473496 520732 12 605760 628199 4 832856 867519
273. 7 524763 539107 4 868221 893924 12 600021 604789
274. 7 555365 562442 11 374148 378215 8 80650 83717
275. 7 577092 586970 8 108807 113089 11 382359 388548
276. 7 619357 627400 7 824064 828582 7 405779 412163
277. 7 654197 687588 16 512311 518758 6 107846 134291
278. 7 687864 734388 16 525807 559932 6 145109 157746
279. 7 735204 740405 7 798548 801828 7 416150 418416
280. 7 745412 756486 12 784913 787333 7 511549 522837
281. 7 762739 775193 2 356322 370697 4 539800 548308
282. 7 785234 802073 12 413282 416659 4 755625 767968
283. 7 802679 922094 4 669013 727548 12 294092 372928
284. 7 922957 988900 5 505387 551117 4 626705 667855
285. 7 994813 1052246 4 588825 624718 5 460521 502889
286. 7 1061516 1070841 2 209656 216369 7 475550 478657
287. 7 1071485 1086583 4 895031 909434 12 589356 592045
288. 7 1082412 1108376 4 905451 921643 12 574153 585492
289. 7 1102654 1117751 4 916482 923802 4 98476 106495
290. 7 1118039 1144005 16 370975 398102 2 589736 599954
291. 7 1144530 1162311 16 348443 357673 2 571463 583350
292. 7 1165542 1184849 16 332099 347388 15 710447 716838
293. 7 1202388 1211711 2 722606 728097 9 375428 379778
294. 7 1223989 1289154 12 665846 722375 15 642742 682107
295. 7 1289647 1297454 15 424848 427226 11 567560 574274
296. 7 1304401 1319859 7 829121 835908 10 398932 409156
297. 7 1313736 1330305 10 402892 414764 7 872049 882236
298. 7 1326404 1339139 7 876674 887880 10 451013 459419
299. 7 1350244 1359205 7 1019604 1026659 13 850073 855292
300. 7 1359353 1377079 14 375323 389769 8 352759 358447
301. 7 1377726 1411167 4 1102181 1116760 8 239100 258020
302. 7 1411385 1425761 2 86720 101158 5 355462 363698
303. 7 1442896 1448464 14 602908 605612 4 242552 246447
