>Kwaltii$
0. 1 2 3 4 5 6 7 $
14. 8 9 10 11 12 13 14 15 16 17 18 19 20 21 22 23 24 25 26 27 28 $
23. 29 30 31 32 33 34 35 36 37 38 39 40 41 42 43 44 45 46 47 48 49 50 51 52 53 54 55 56 57 58 59 60 61 62 63 64 65 66 67 68 69 70 71 72 73 74 75 76 77 $
26. 78 79 80 81 82 83 84 85 86 87 88 89 90 91 92 93 94 95 96 97 98 99 100 101 102 103 104 105 106 107 108 109 110 111 112 113 114 115 116 117 118 119 120 $
27. 121 122 123 124 125 126 127 128 129 130 131 132 133 134 135 136 137 138 139 140 141 142 143 144 145 146 147 148 149 150 151 152 153 154 155 156 157 158 159 160 161 162 $
33. 163 164 165 166 167 168 169 170 171 172 173 174 175 176 177 178 179 180 181 182 183 184 185 186 187 188 189 190 191 $
34. 192 193 194 195 196 197 198 199 200 $
47. 201 202 203 204 205 206 207 208 209 210 211 212 213 214 215 216 217 218 219 220 221 222 223 224 225 226 227 228 229 230 $
55. 231 232 233 234 235 236 237 238 239 240 241 242 243 244 245 246 247 248 249 250 251 252 253 254 255 256 257 258 259 260 261 262 263 264 265 266 267 $
56. 268 269 270 271 272 273 274 275 276 277 278 279 280 281 282 283 284 285 286 287 288 289 290 291 292 293 294 295 296 297 298 $

>Kpolysporus$
1000. -202 -201 $
1001. 203 204 205 206 48 $
1002. 49 -99 -292 -291 -290 -289 -288 -139 13 14 21 22 30 31 $
1003. 57 58 59 -145 -144 -143 $
1004. 187 -221 -220 69 $
1005. -173 -172 -197 $
1006. -243 -208 $
1007. -22 149 $
1008. 262 $
1009. 279 280 -18 70 $
1010. 194 195 174 133 189 190 -123 162 -297 -122 $
1011. -60 215 $
1012. 110 $
1013. 111 112 103 104 126 -65 -262 233 234 $
1014. 205 7 266 267 -54 $
1015. -53 $
1016. 256 -161 88 89 26 27 $
1017. -226 -253 $
1018. -75 -74 -98 -97 -219 -218 235 261 -135 -134 244 47 87 91 92 -250 -124 191 $
1019. -182 -295 -294 $
1020. -293 -73 63 64 263 264 265 -30 -29 $
1023. 10 -271 -212 173 -69 219 220 221 -250 $
1024. -201 37 38 39 -154 $
1025. -212 -211 -210 -209 $
1026. -24 -90 -25 $
1027. -178 1 $
1028. -77 -166 -76 -75 120 -118 -6 233 234 240 $
1029. -105 29 $
1030. 36 37 38 240 136 181 $
1031. -257 -169 161 -207 -32 146 147 148 149 150 151 $
1032. 269 270 275 -20 -19 281 282 209 -193 -192 -42 66 67 $
1033. 68 70 -284 139 288 92 $
1035. 278 -2 28 -177 -11 $
1036. -276 277 62 -138 137 -13 286 287 140 141 -39 $
1037. 170 122 -271 -270 272 62 276 $
1038. -267 $
1039. -266 31 57 58 145 -59 -144 46 177 178 -251 $
1040. 82 83 84 85 86 $
1041. -176 -175 -56 213 -24 -90 $
1042. 272 278 -95 $
1043. -94 -192 -42 -41 -40 142 143 -36 -35 -232 -231 $
1044. 86 246 247 175 194 $
1045. 195 134 170 -138 137 -269 -268 $
1046. 213 $
1048. 179 180 -106 -156 -155 -154 -4 $
1049. -79 -78 $
1050. 6 7 227 190 -123 162 -297 298 251 252 65 $
1051. -196 -68 -67 $
1052. -157 132 206 -283 $
1053. 21 -274 -273 -277 $
1054. 274 -56 -55 -54 -125 -124 191 $
1055. -238 -237 96 -19 281 48 49 50 -117 $
1056. -100 125 199 200 96 97 $
1057. -8 $
1058. 10 11 -215 60 61 -193 -93 $
1059. 126 127 -109 236 -184 $
1060. 119 -74 -292 -291 -189 -188 168 $
1061. 33 -210 -200 283 $
1062. -298 255 256 -211 $
1063. -216 241 $
1064. 101 102 113 114 115 -34 -23 $
1065. -289 81 82 43 -160 -159 -158 -157 $
1066. 148 -2 28 1 63 $
1067. -52 -51 -199 -198 $
1068. 128 129 $
1069. 130 3 $
1070. 245 -217 -216 $
1071. -83 -132 $
1072. -113 -112 -111 -110 -109 -108 -107 -214 $
1073. 8 9 182 183 -198 $
1074. -155 $
1075. 282 $
1076. 263 64 $
161. -264 $
167. 265 $
181. -102 $
182. -242 $
185. 103 $
186. 224 $
191. -268 $
193. -150 $
197. 101 $
2000. -293 -73 294 -166 -165 -164 -163 $
2001. -168 -167 295 296 -231 $
2002. 163 164 165 167 184 185 186 $
209. 238 239 $
218. 223 $
223. 15 $
228. -290 $
233. 85 $
237. 128 $
242. -156 $
259. 71 $
262. 183 -104 $
264. 159 $
265. 202 $
269. 147 $
282. -27 $
284. 87 $
286. 222 $
289. 76 $
292. -158 $
295. 3 $
297. 91 $
298. -52 $
299. 153 $
303. -260 $
309. -171 -121 $
312. 248 $
316. 84 $
325. 77 $
328. 249 $
333. -151 $
337. 116 $
339. -172 -197 -196 $
340. -35 -34 -33 $
344. -187 287 140 $
345. 279 -225 $
348. 98 99 $
354. -61 $
359. 243 244 $
361. -131 $
363. -223 -222 $
364. 239 -224 $
365. -237 -236 $
367. 80 81 $
370. -127 $
376. 160 -43 $
380. 229 $
385. 12 $
387. -72 $
388. 245 246 $
392. 285 $
397. -141 $
400. -55 $
401. -242 -241 $
411. -72 -71 $
413. 114 115 $
414. 25 $
423. -227 $
431. -95 -94 $
440. -255 -254 $
448. -169 $
455. -121 $
457. 152 153 -5 $
460. 228 100 $
461. 16 -9 $
463. -26 -89 -88 $
467. 93 $
472. -116 $
473. -47 259 260 258 $
478. 247 185 17 -217 $
479. 106 107 -136 -135 275 $
480. -226 -253 176 $
483. 117 -50 $
487. -5 -4 $
489. -230 232 -261 $
495. -225 -218 235 273 $
499. -12 248 249 $
505. 105 214 -180 -179 252 $
507. -230 -229 -228 $
513. 152 -51 118 -120 -119 $
520. 174 133 203 204 $
526. -41 -44 -23 -20 258 259 $
529. -146 32 -53 $
530. 257 -108 181 -296 17 18 $
534. -142 40 45 14 15 16 186 $
538. 44 45 46 -188 -80 -79 -78 $
541. -131 -130 -129 -171 -208 -207 $
543. -254 280 -285 -284 286 66 $


# markers coordinates
1. 0 1555 16710 1027 47474 52407 1066 37217 43181
2. 0 25906 38058 1066 12125 17792 1035 21471 31542
3. 0 42808 58911 1069 24455 38197 295 6161 16009
4. 0 84856 99268 487 46135 58394 1048 198298 205715
5. 0 102257 110726 487 37021 45607 457 25969 42565
6. 0 129447 141131 1050 3799 15617 1028 187437 192591
7. 0 142158 157702 1014 9030 21169 1050 34788 41489
8. 14 101180 128480 1057 428 21497 1073 2059 6132
9. 14 132046 151517 461 34721 43814 1073 7885 19187
10. 14 173440 203148 1023 17879 40220 1058 34518 50358
11. 14 212675 235595 1058 52752 64678 1035 81904 112205
12. 14 272148 319332 385 14827 31772 499 2785 47899
13. 14 367837 388209 1002 210782 226133 1036 142840 145360
14. 14 381438 445396 1002 218633 255882 534 55973 103106
15. 14 438094 470237 534 93615 116427 223 1098 11512
16. 14 465413 489768 534 110594 128137 461 1 15740
17. 14 490030 501791 530 99192 110478 478 61375 64656
18. 14 501060 522982 530 109747 120555 1009 26430 41821
19. 14 524221 550844 1032 92242 101594 1055 78247 97998
20. 14 553127 581744 1032 54437 90524 526 58012 67637
21. 14 581897 599463 1053 22659 29964 1002 263412 274904
22. 14 596215 615034 1002 270434 275712 1007 1375 14649
23. 14 663415 670293 526 41871 46589 1064 106501 108517
24. 14 670688 681776 1041 87507 98683 1026 20542 28062
25. 14 698736 713465 1026 69939 83972 414 1989 7536
26. 14 715397 726023 1016 56290 57950 463 1134 9666
27. 14 725637 748818 1016 57438 74916 282 1 19011
28. 14 776369 829294 1035 32246 67025 1066 18137 37047
29. 23 72876 105822 1020 93433 127353 1029 20326 36405
30. 23 107723 145425 1002 283671 307221 1020 74155 91972
31. 23 138649 155276 1002 301247 308361 1039 6544 14509
32. 23 165238 175216 529 37171 44385 1031 117935 127926
33. 23 185722 198305 1061 51386 58439 340 11988 20812
34. 23 198516 211721 1064 95468 105123 340 3233 10549
35. 23 209691 219893 340 378 5245 1043 95908 101669
36. 23 217206 229895 1043 92207 98950 1030 551 6324
37. 23 237369 254990 1024 57277 69831 1030 10263 20776
38. 23 252102 265226 1024 65042 74068 1030 22483 26684
39. 23 258534 278337 1024 70274 74959 1036 248945 270733
40. 23 279160 313579 1043 51825 65507 534 20451 41923
41. 23 324012 348667 1043 28034 46680 526 7574 15523
42. 23 355446 376256 1043 14111 27518 1032 163218 175833
43. 23 390638 415927 376 21090 30534 1065 46754 53496
44. 23 431351 464874 538 3870 19478 526 16188 37136
45. 23 465097 475291 534 44769 49388 538 22743 29958
46. 23 483185 494461 1039 142499 160857 538 31742 36124
47. 23 506210 528128 1018 356768 376686 473 1284 7670
48. 23 543590 586443 1055 131851 177202 1001 79406 83542
49. 23 587353 599204 1055 181184 188926 1002 2576 9872
50. 23 600899 637385 483 39794 56576 1055 195253 220032
51. 23 638903 658835 1067 25860 35524 513 41334 57811
52. 23 675819 688824 298 667 5314 1067 2503 10007
53. 23 700255 720485 529 59125 69401 1015 1964 13672
54. 23 720659 766408 1054 83386 112238 1014 65303 86883
55. 23 768125 788982 400 3149 17118 1054 64906 77026
56. 23 800525 816425 1041 31884 49672 1054 51656 55008
57. 23 831183 882953 1003 2428 34975 1039 18190 51558
58. 23 873624 936838 1003 27053 64079 1039 63222 98024
59. 23 939189 965339 1039 108102 134739 1003 67857 80923
60. 23 968411 1009630 1058 83018 117569 1011 1145 22787
61. 23 1016158 1034659 354 4521 25572 1058 119816 130334
62. 23 1040608 1058640 1037 114295 125737 1036 70446 89440
63. 23 1060190 1098534 1066 57266 79428 1020 33477 47427
64. 23 1098031 1106195 1020 46858 58489 1076 16733 20514
65. 23 1111941 1140857 1013 74035 101312 1050 239086 246254
66. 23 1174684 1200786 543 153839 177906 1032 190967 202618
67. 23 1196818 1223149 1032 198433 208052 1051 43980 67092
68. 23 1215957 1252724 1051 18109 51079 1033 1 12930
69. 23 1269401 1306811 1004 136693 162700 1023 102228 125525
70. 23 1316786 1331887 1009 48199 59859 1033 16406 31206
71. 23 1343998 1363364 411 22692 36253 259 2949 16458
72. 23 1375073 1400352 387 5870 30464 411 1653 18917
73. 23 1404317 1417630 1020 11296 27123 2000 21730 27720
74. 23 1421630 1478742 1018 20865 67779 1060 20589 48296
75. 23 1484260 1491854 1018 13181 16888 1028 134667 139868
76. 23 1495388 1511325 1028 124202 133983 289 8252 16685
77. 23 1513301 1594955 325 1290 21283 1028 45186 115623
78. 26 40268 74430 538 89752 120551 1049 16883 34703
79. 26 74581 94219 1049 504 15272 538 76677 87348
80. 26 90079 107160 538 68774 80975 367 892 13689
81. 26 119157 143778 1065 6818 17973 367 18840 36213
82. 26 144478 162876 1040 5167 14105 1065 19064 26293
83. 26 162917 190328 1040 14544 26934 1071 1 26156
84. 26 190104 215288 1040 26593 37472 316 395 22436
85. 26 217232 234946 1040 37713 53391 233 1 8245
86. 26 237387 258476 1040 57057 70075 1044 4910 20407
87. 26 275293 292035 1018 377497 382904 284 11618 15815
88. 26 293129 331207 463 18696 55561 1016 33831 42007
89. 26 332062 355899 463 9807 15443 1016 42758 55088
90. 26 362986 393759 1026 37581 66680 1041 102505 118678
91. 26 407965 449039 297 2732 23991 1018 392206 410779
92. 26 447231 474722 1018 408890 428802 1033 136243 163398
93. 26 476769 501713 467 30228 56632 1058 149616 152768
94. 26 501710 518170 1043 1441 5869 431 17811 39061
95. 26 506727 526762 431 16748 33840 1042 53853 59408
96. 26 539163 551699 1055 53408 60243 1056 82449 88406
97. 26 547350 575764 1056 84006 112419 1018 146189 161730
98. 26 583618 622311 348 3086 22631 1018 92792 138889
99. 26 621715 638865 348 21978 29110 1002 23833 32002
100. 26 662785 701084 1056 2079 35382 460 38552 52511
101. 26 712029 735582 1064 12058 26815 197 1862 6837
102. 26 721868 744495 1064 17443 30123 181 413 6709
103. 26 744781 754011 1013 36041 53894 185 1614 6233
104. 26 753385 760923 1013 53088 55028 262 9960 17873
105. 26 762369 797256 1029 1002 19830 505 572 37456
106. 26 800808 818027 1048 75760 84906 479 1212 12958
107. 26 812661 845535 479 9147 34840 1072 111820 125132
108. 26 849206 874332 530 28383 39498 1072 89093 110503
109. 26 874800 899673 1059 53861 66750 1072 70071 87389
110. 26 896407 934275 1072 42308 73874 1012 5766 27931
111. 26 927135 956870 1072 27672 49328 1013 54 14870
112. 26 960466 993795 1013 15300 35497 1072 6129 25030
113. 26 992785 1028078 1072 686 7157 1064 30451 65584
114. 26 1028091 1049157 413 1849 20267 1064 68647 80207
115. 26 1061262 1096390 413 21898 40170 1064 81091 93969
116. 26 1130634 1162190 472 3044 39296 337 5007 18712
117. 26 1186495 1208122 1055 222299 231154 483 21646 38882
118. 26 1209573 1238337 1028 157738 174173 513 58002 67244
119. 26 1238526 1266011 1060 1850 17630 513 78405 94277
120. 26 1262733 1290030 513 67798 81683 1028 140309 156452
121. 27 23936 37247 455 2002 10871 309 13389 19916
122. 27 54483 74205 1037 12601 19649 1010 163454 175481
123. 27 87836 115405 1050 97777 121132 1010 113037 135054
124. 27 116234 139356 1018 448471 462945 1054 124114 135243
125. 27 131947 154721 1054 113304 131490 1056 36274 43744
126. 27 164287 184769 1013 59825 72393 1059 12136 22848
127. 27 207019 224559 1059 40511 52157 370 7329 16148
128. 27 238096 258184 1068 1 11765 237 188 7264
129. 27 246213 281144 1068 2343 22344 541 31305 44982
130. 27 275677 317202 541 13458 39218 1069 123 19768
131. 27 315778 322009 541 12716 14816 361 966 5675
132. 27 366165 380079 1052 28568 39311 1071 28158 35611
133. 27 390650 419106 520 26673 51465 1010 55113 65658
134. 27 424113 529596 1018 244116 307856 1045 25479 97371
135. 27 526456 540255 1018 233924 247298 479 45051 48887
136. 27 540427 557383 1030 68892 86939 479 40991 44836
137. 27 572049 581530 1036 121469 130458 1045 156544 160377
138. 27 581975 600336 1045 135384 151409 1036 92633 114015
139. 27 635969 680434 1002 170718 209365 1033 76702 93262
140. 27 695254 720340 1036 198938 208308 344 13142 22913
141. 27 737225 778641 1036 218148 248514 397 15635 41140
142. 27 784483 801274 534 2896 18062 1043 66691 69513
143. 27 800693 827206 1043 68986 76396 1003 100704 124757
144. 27 818841 839011 1003 94479 107478 1039 135833 141039
145. 27 836437 852321 1003 81212 97195 1039 99859 107405
146. 27 852845 873775 529 1925 16807 1031 130971 139726
147. 27 873092 908239 1031 139055 152790 269 1 18466
148. 27 896403 923715 1031 141810 160157 1066 1 9515
149. 27 922606 954845 1031 159123 181733 1007 17289 33767
150. 27 953724 970802 1031 180693 196735 193 1 5871
151. 27 969624 987283 1031 195365 200516 333 893 25279
152. 27 990685 1015234 513 1962 31351 457 2325 7023
153. 27 1028242 1044665 299 14238 21320 457 11098 19502
154. 27 1046678 1110150 1024 78332 124765 1048 140448 179121
155. 27 1125815 1134764 1048 110204 116202 1074 63 3835
156. 27 1133807 1165319 1048 85092 111455 242 761 13335
157. 27 1194770 1215229 1052 1 20857 1065 109437 115970
158. 27 1230533 1240894 292 2593 18036 1065 85860 87119
159. 27 1240640 1266174 1065 74947 86114 264 451 19198
160. 27 1266600 1299447 376 175 18661 1065 55359 74617
161. 27 1320535 1330315 1016 27192 30892 1031 83945 92056
162. 27 1347453 1364365 1050 126134 137911 1010 137048 146415
163. 33 31018 65735 2002 3611 43778 2000 240660 242520
164. 33 68025 119365 2002 45930 88866 2000 214299 236743
165. 33 120622 160487 2000 181752 210422 2002 89144 103474
166. 33 163028 288578 2000 45963 180918 1028 116048 123386
167. 33 304489 462056 2002 104741 193355 2001 39301 171377
168. 33 456687 499304 2001 16246 46518 1060 121887 143966
169. 33 501910 554196 448 372 45923 1031 58757 83269
170. 33 559209 581410 1045 101542 121742 1037 2152 7414
171. 33 586053 602018 309 1360 12673 541 51841 59449
172. 33 617028 626049 339 6897 11825 1005 13821 21457
173. 33 628626 643387 1005 6146 9846 1023 73173 83988
174. 33 643620 667094 1010 34878 49114 520 641 19199
175. 33 669559 679866 1044 56564 66812 1041 25272 29059
176. 33 679084 689548 1041 10923 26135 480 70276 74367
177. 33 722176 734318 1035 68426 72838 1039 166834 171449
178. 33 735962 750301 1027 36556 44974 1039 171605 186163
179. 33 756443 788892 1048 19222 40788 505 57138 83027
180. 33 796232 817222 1048 53728 75024 505 55992 57013
181. 33 827760 839745 530 40126 50331 1030 95427 103358
182. 33 870348 894690 1073 26036 40616 1019 1223 18728
183. 33 890402 910008 1073 36027 49975 262 224 8391
184. 33 919334 931939 2002 201096 217133 1059 94050 96549
185. 33 961107 979736 478 48573 59852 2002 229517 245326
186. 33 977301 1014914 2002 241958 264307 534 129416 156160
187. 33 1023551 1049264 1004 1 15987 344 162 4734
188. 33 1053843 1087316 538 39404 62602 1060 105250 121601
189. 33 1084179 1117635 1060 86412 108502 1010 79776 93101
190. 33 1121071 1149668 1050 75672 95696 1010 93473 112690
191. 33 1156111 1178139 1054 137369 151013 1018 464370 476579
192. 34 57607 72942 1032 152309 162710 1043 6232 13199
193. 34 70880 78424 1032 149417 156859 1058 138933 146871
194. 34 94949 106294 1044 68048 76854 1010 1673 16965
195. 34 101158 129670 1010 11547 28884 1045 274 14378
196. 34 137313 148605 339 17930 27664 1051 8692 12103
197. 34 149055 158682 1005 21646 30029 339 14321 17833
198. 34 169267 182488 1073 56893 67039 1067 69586 77350
199. 34 179939 207879 1067 50848 72255 1056 52870 60729
200. 34 206450 223263 1056 59302 74489 1061 135464 143499
201. 47 59609 94981 1024 16056 28999 1000 41665 64886
202. 47 96580 109777 1000 31026 41050 265 4826 15392
203. 47 144447 175466 520 54060 74935 1001 8057 27753
204. 47 182308 249709 520 77518 109921 1001 28283 67461
205. 47 245346 255017 1001 63130 72046 1014 244 2199
206. 47 252345 282822 1001 68111 75567 1052 88398 109338
207. 47 303845 344461 541 141826 170018 1031 93761 102513
208. 47 345235 360664 1006 38965 55933 541 134533 141559
209. 47 384389 425544 1032 126409 143825 1025 104879 134044
210. 47 418896 464286 1025 87753 111108 1061 95721 128025
211. 47 467031 528242 1025 62202 87320 1062 75278 118670
212. 47 543833 564969 1025 21553 34783 1023 59511 72273
213. 47 566683 592496 1046 6069 20797 1041 51977 74876
214. 47 593447 605794 1072 126281 133768 505 42259 54194
215. 47 626415 661057 1011 23785 45588 1058 67230 82552
216. 47 670808 707986 1063 3007 21463 1070 46652 76488
217. 47 705465 718578 1070 38374 49456 478 65278 68885
218. 47 742039 760323 495 24976 38293 1018 181799 191584
219. 47 756515 778386 1018 163688 185925 1023 126232 134034
220. 47 778653 888880 1004 62743 136291 1023 137166 220908
221. 47 893267 911529 1023 222456 233849 1004 41725 59721
222. 47 930711 955199 286 4029 15355 363 3610 18373
223. 47 954564 970373 363 438 4257 218 238 9284
224. 47 971423 982840 186 87 7227 364 14730 22239
225. 47 987536 997046 345 20870 27737 495 21433 23654
226. 47 1013635 1042076 480 5634 26684 1017 2889 14391
227. 47 1074829 1115036 423 928 34600 1050 48007 68252
228. 47 1120237 1154969 460 707 37949 507 60204 72543
229. 47 1155877 1176515 380 7360 22870 507 49309 59285
230. 47 1177438 1191472 489 18620 24028 507 40559 45510
231. 55 65706 99144 1043 140412 170761 2001 199741 213111
232. 55 98218 110197 1043 130558 141344 489 26766 30543
233. 55 113409 165358 1013 144084 184823 1028 195196 212932
234. 55 163845 177454 1028 211095 221176 1013 191483 197957
235. 55 177630 190498 495 38881 51693 1018 191973 201598
236. 55 223867 243429 1059 70588 92723 365 21800 32847
237. 55 245372 303839 1055 7855 41374 365 24 21181
238. 55 297248 315748 1055 663 16709 209 1823 7696
239. 55 314177 323736 209 6087 8833 364 16 6904
240. 55 334100 350318 1028 227568 233224 1030 42150 59700
241. 55 368802 404793 401 21214 40254 1063 21717 50537
242. 55 402453 412051 401 14991 23363 182 678 4904
243. 55 420586 437422 359 1 13334 1006 8170 11250
244. 55 426012 458823 359 1013 26248 1018 337264 351023
245. 55 469211 500218 388 2510 26939 1070 7552 22554
246. 55 500428 509797 1044 27607 37518 388 30334 33355
247. 55 509090 537449 1044 36316 54828 478 442 24601
248. 55 588479 607641 312 1649 19016 499 55648 68185
249. 55 614040 628597 499 70437 77949 328 673 11835
250. 55 639426 648342 1018 435583 442460 1023 250712 251907
251. 55 676383 707091 1050 205263 233930 1039 193282 200726
252. 55 697195 717992 1050 221828 237718 505 83512 92671
253. 55 719541 749038 1017 17411 37617 480 27113 43975
254. 55 749673 779966 543 5046 27767 440 17159 33190
255. 55 786553 815458 1062 27219 49955 440 2833 16555
256. 55 805694 850348 1062 40239 72501 1016 585 24354
257. 55 855995 888585 1031 20576 54941 530 1 12991
258. 55 888748 903976 526 87810 103852 473 61531 63526
259. 55 902582 933008 526 102551 123514 473 10480 37150
260. 55 931920 947523 473 36089 49866 303 3836 17006
261. 55 947659 991558 489 35925 61879 1018 203011 233642
262. 55 1003961 1053505 1008 6373 38187 1013 104156 142759
263. 55 1058398 1068376 1076 138 10518 1020 61754 64306
264. 55 1069907 1078084 161 1 4246 1020 65598 70309
265. 55 1077140 1084020 1020 69128 72418 167 333 4472
266. 55 1084478 1097814 1014 23928 33634 1039 486 4437
267. 55 1094600 1141842 1014 30466 62667 1038 16387 47660
268. 56 48538 62804 191 429 3940 1045 180708 195316
269. 56 58523 120089 1045 167094 184222 1032 1049 15192
270. 56 117198 144811 1032 12295 23656 1037 44216 73127
271. 56 138563 162839 1037 26014 52533 1023 45704 54024
272. 56 173155 191564 1037 85249 104220 1042 2298 9441
273. 56 197905 235553 1053 43756 64547 495 71447 81889
274. 56 234690 269501 1053 33028 44703 1054 1123 26332
275. 56 284859 314234 479 50993 60981 1032 27093 54119
276. 56 327093 355436 1036 9854 23716 1037 136897 149833
277. 56 409746 452947 1036 26058 60216 1053 65123 90761
278. 56 455311 467406 1042 16193 29014 1035 13789 18607
279. 56 470470 485666 345 1863 11517 1009 1438 13706
280. 56 490526 510383 1009 16801 25882 543 43627 58354
281. 56 512217 523880 1032 101926 105781 1055 98570 115052
282. 56 540859 575116 1075 1 20494 1032 111076 124707
283. 56 585177 602018 1061 148276 156754 1052 111345 123234
284. 56 625878 672841 543 106995 120610 1033 31798 69250
285. 56 686128 727458 543 80922 106584 392 1 23675
286. 56 740332 779460 543 129664 147291 1036 161109 192267
287. 56 776647 786602 1036 189457 198649 344 5351 10387
288. 56 788304 845203 1002 137553 169851 1033 95318 129165
289. 56 833322 851224 1002 135310 149526 1065 1111 5575
290. 56 851782 927709 228 611 10926 1002 66428 134028
291. 56 876185 953406 1002 42515 115056 1060 68022 81926
292. 56 953760 963355 1060 61507 66063 1002 35647 42066
293. 56 980441 997877 1020 683 9701 2000 6376 18983
294. 56 997985 1010293 1019 61016 75256 2000 29208 32058
295. 56 1008164 1045633 1019 25105 63517 2001 171777 183810
296. 56 1061240 1099477 530 62700 98945 2001 185153 197789
297. 56 1102271 1109989 1050 165679 168604 1010 157290 162735
298. 56 1113032 1145090 1062 5124 18512 1050 171402 194123
