>Agossypii$
1. 1 2 3 4 5 6 7 8 9 10 11 12 13 14 15 16 17 18 19 20 21 22 23 24 25 26 27 28 29 $
2. 30 31 32 33 34 35 36 37 38 39 40 41 42 43 44 45 46 47 48 49 50 51 52 53 54 55 56 57 58 59 60 $
3. 61 62 63 64 65 66 67 68 69 70 71 72 73 74 75 76 77 78 79 80 81 82 83 84 85 86 87 88 89 90 91 92 93 94 95 96 $
4. 97 98 99 100 101 102 103 104 105 106 107 108 109 110 111 112 113 114 115 116 117 118 119 120 121 122 123 124 125 126 127 128 129 130 131 132 133 134 135 136 137 138 139 140 141 142 143 144 145 $
5. 146 147 148 149 150 151 152 153 154 155 156 157 158 159 160 161 162 163 164 165 166 167 168 169 170 171 172 173 174 175 176 177 178 179 180 181 182 183 184 185 186 187 $
6. 188 189 190 191 192 193 194 195 196 197 198 199 200 201 202 203 204 205 206 207 208 209 210 211 212 213 214 215 216 217 218 219 220 221 222 223 224 225 226 227 228 229 230 231 232 233 234 235 236 237 238 $
7. 239 240 241 242 243 244 245 246 247 248 249 250 251 252 253 254 255 256 257 258 259 260 261 262 263 264 265 266 267 268 269 270 271 272 273 274 275 276 277 278 279 280 281 282 283 284 285 286 287 288 289 290 291 292 293 294 295 296 297 298 $

>Kpolysporus$
1000. -97 39 $
1001. -172 -171 -170 -169 $
1002. -168 258 192 193 194 195 196 197 -208 184 185 $
1003. 183 108 109 -297 $
1004. 141 -132 -131 -181 7 $
1005. 8 9 $
1006. 20 -120 $
1007. 227 $
1008. 57 -164 $
1009. 286 287 25 118 $
1010. -234 87 290 -65 -64 -116 -115 -153 175 $
1011. -263 233 $
1012. 218 84 $
1013. 85 -6 51 52 148 -57 -56 242 243 $
1014. -171 -173 -111 -110 298 32 -31 $
1015. -30 $
1016. -62 203 $
1017. -216 $
1018. 18 191 259 45 -222 151 133 295 244 -164 -19 -124 146 -210 147 42 -15 224 187 $
1019. 129 126 127 $
1020. 128 -207 -154 -114 -113 -112 -184 68 $
1023. -60 73 -211 -8 -7 222 181 131 132 -15 $
1024. 39 -253 -252 279 149 150 $
1025. -211 265 -232 -199 -198 -276 -231 $
1026. -230 -229 -228 -261 -121 $
1027. -201 157 $
1028. 247 -177 16 17 18 -239 241 -13 -56 242 243 43 $
1029. -188 -107 -68 $
1030. -254 -253 -252 43 -92 -91 $
1031. -66 139 -189 257 277 -38 227 -246 -245 $
1032. -75 -74 -160 174 -200 274 275 -273 231 276 -229 136 137 78 79 $
1033. 4 118 270 -269 -195 42 $
1035. 285 155 156 90 -72 $
1036. 166 165 -196 -249 -248 268 250 251 $
1037. -176 -175 72 73 74 284 -29 $
1038. -298 110 $
1039. 111 185 183 108 99 201 21 $
1040. -143 -142 -96 -95 $
1041. -36 -35 -34 135 -228 -261 $
1042. 284 285 -44 $
1043. -41 137 -190 -104 -103 296 297 -109 254 255 134 215 $
1044. -95 -209 -262 35 $
1045. -234 -244 -295 -176 165 75 76 $
1046. 135 $
1048. 202 -292 -55 -281 -280 58 59 278 279 149 -11 -10 $
1049. 145 $
1050. 13 -173 186 212 -65 -64 -116 -115 -153 -152 -180 -21 -148 $
1051. 230 293 -4 -79 $
1052. 267 -266 -170 272 $
1053. -29 -208 -217 -166 $
1054. 217 -34 -33 -32 -31 223 224 187 $
1055. 138 -159 -46 275 -169 -168 -167 $
1056. -48 -223 162 163 -46 -45 $
1057. -67 $
1058. -60 -90 -233 263 264 136 -40 $
1059. -219 -83 3 $
1060. -240 191 192 -290 -289 93 $
1061. -204 -218 -198 -163 -272 $
1062. 180 152 -89 -62 265 -232 -199 $
1063. 117 282 $
1064. 49 50 -5 182 235 256 -260 $
1065. 194 267 101 102 $
1066. -38 155 156 157 -154 $
1067. 205 140 291 -162 -161 $
1068. -37 $
1069. -179 -14 $
1070. 69 117 $
1071. 143 $
1072. 5 6 -85 -84 -83 -82 -86 105 106 -94 $
1073. 67 -130 -129 -53 -161 $
1074. 59 $
1075. -273 $
1076. -114 $
147. 70 $
161. 113 $
167. -112 $
181. -50 $
182. -283 $
185. 51 $
186. -221 $
191. 76 77 $
193. 246 $
197. 49 $
2000. 250 128 -207 -127 238 $
2001. -93 -158 237 -126 88 63 215 $
2002. -238 -237 158 -3 -2 -1 $
209. -294 $
218. -22 $
223. -28 $
228. 193 $
233. -96 $
237. -226 $
242. -280 58 $
251. -266 $
259. 119 $
262. -53 -52 $
264. -102 $
265. 97 $
284. 146 $
286. -23 $
289. -17 $
295. -14 $
297. -210 147 $
298. 205 $
303. 24 $
309. -225 100 $
312. 122 $
316. -142 $
325. -16 177 -247 $
328. 123 $
333. 245 $
337. 236 $
339. 9 293 $
340. 255 256 $
344. -141 -248 268 $
345. 286 $
348. -259 -258 $
354. -264 $
359. -20 -19 $
361. 178 $
363. 22 23 $
364. -294 221 $
365. 138 -159 $
367. -144 $
370. 219 $
376. -101 $
380. -214 $
385. 204 47 -61 $
387. 71 $
388. 69 -209 $
392. 271 $
397. 278 -251 $
400. -33 $
401. -283 -282 $
411. 71 -70 -119 $
413. 182 235 $
414. 121 $
423. -212 -186 $
431. -41 $
440. 89 -206 $
448. 139 -189 $
449. -77 $
455. 100 $
457. -125 -150 12 $
460. 213 48 $
461. -27 130 $
463. -203 $
467. 40 $
472. -236 44 $
473. 124 -80 -288 -24 -81 $
478. -262 -2 -26 $
479. 281 -106 105 92 -160 174 $
480. -216 36 $
483. 167 $
487. 11 12 -10 $
489. -134 -133 $
495. 220 151 $
499. 61 -47 122 123 $
505. 107 188 94 55 292 -202 $
507. -214 -213 $
513. -125 140 291 -241 239 240 $
520. 87 -172 $
526. -190 -54 -260 -200 274 -81 -80 -288 $
529. -277 -257 -30 $
530. 66 -82 -86 -91 -63 -88 -26 -25 $
534. -296 -103 104 98 197 -28 -27 -1 $
538. 54 98 99 -289 144 145 $
541. 178 179 37 -226 -225 -120 $
543. -206 220 287 -271 270 -269 -249 78 $


# markers coordinates
1. 1 35718 67118 2002 241958 264307 534 129416 148119
2. 1 64596 99662 2002 217762 245326 478 30026 59852
3. 1 100017 108322 1059 94050 96549 2002 203582 217133
4. 1 123792 135778 1033 6251 12930 1051 18109 27288
5. 1 139715 158702 1064 30451 50195 1072 3583 7157
6. 1 158061 190687 1072 6129 25030 1013 15300 35497
7. 1 202080 236372 1004 136693 162700 1023 102228 125525
8. 1 238295 264978 1005 456 9846 1023 73173 99557
9. 1 266858 283566 339 6897 17833 1005 13821 30029
10. 1 284758 304193 1048 198298 212532 487 46135 58394
11. 1 302946 321266 1048 182096 199557 487 31003 36873
12. 1 321510 330100 457 25969 42565 487 37021 45607
13. 1 331876 342326 1028 187437 194066 1050 3799 14463
14. 1 348358 360308 1069 27223 38197 295 8804 16009
15. 1 362132 370463 1018 435583 442460 1023 250712 253141
16. 1 418301 433038 1028 102405 115623 325 1290 5777
17. 1 433549 453761 289 8252 16685 1028 123535 133983
18. 1 457167 464141 1018 13181 16888 1028 134667 139868
19. 1 495296 519306 359 1013 26248 1018 345793 351023
20. 1 506082 524219 359 1 15895 1006 8170 11250
21. 1 526057 536910 1050 220972 229895 1039 193282 196246
22. 1 544522 558919 363 438 4257 218 238 9284
23. 1 558272 581539 363 3610 20512 286 1263 15355
24. 1 586622 595678 303 3836 13387 473 41673 46595
25. 1 596007 613607 1009 26430 41821 530 111311 120555
26. 1 615227 625379 478 61375 64656 530 99192 108973
27. 1 625582 647502 461 1 15740 534 110594 128137
28. 1 642620 670052 534 93615 116427 223 1098 11512
29. 1 674647 690205 1037 133529 141035 1053 749 8252
30. 2 12702 50621 529 59125 78334 1015 1964 31174
31. 2 50694 75865 1054 90357 112238 1014 75646 86883
32. 2 75221 87042 1054 83386 90986 1014 65303 75133
33. 2 88546 104626 400 3149 17118 1054 68326 77026
34. 2 115605 124574 1041 35820 49672 1054 51656 53404
35. 2 124839 135757 1044 56564 66812 1041 25272 29059
36. 2 134873 147705 1041 10923 26135 480 70276 74367
37. 2 148102 177453 541 31305 42899 1068 4295 22344
38. 2 184353 204445 1031 141810 157532 1066 1 9515
39. 2 236932 266847 1000 43892 64886 1024 16056 28999
40. 2 308042 323237 1058 149616 152768 467 40730 56632
41. 2 323238 340272 1043 1441 5869 431 17811 39061
42. 2 341667 360928 1018 408890 427070 1033 136243 155303
43. 2 365938 378113 1028 228851 233224 1030 46340 59700
44. 2 378257 392550 1042 34979 47261 472 43361 47746
45. 2 393181 416993 1056 84006 112419 1018 145310 161730
46. 2 412719 426187 1056 82449 88406 1055 53408 60243
47. 2 459259 468182 385 14827 19595 499 41712 47899
48. 2 476518 509150 1056 2079 35382 460 38552 52511
49. 2 517417 533939 1064 12058 26815 197 1862 6837
50. 2 527208 543461 1064 17443 30123 181 413 6709
51. 2 543798 550930 1013 36041 53894 185 1614 6233
52. 2 550676 558796 1013 53088 55973 262 9605 17873
53. 2 559176 569841 1073 40702 49975 262 224 8391
54. 2 570874 594024 538 3870 16218 526 21802 37136
55. 2 641041 657630 505 55992 57013 1048 53728 69768
56. 2 674661 706270 1013 144084 177022 1028 195196 200560
57. 2 702779 757374 1013 106649 148197 1008 1125 35581
58. 2 759984 766404 242 8599 13335 1048 108584 111455
59. 2 765462 774495 1048 110204 116202 1074 63 3835
60. 2 816068 853883 1023 7945 41823 1058 33283 50358
61. 3 40324 51807 499 30272 41122 385 21331 31772
62. 3 61958 74957 1016 585 6612 1062 46681 61574
63. 3 75271 96458 2001 189096 197789 530 71285 89308
64. 3 97258 114807 1050 95908 110325 1010 113037 129002
65. 3 117344 143003 1010 93473 112690 1050 78024 95696
66. 3 150614 162691 530 5253 12991 1031 22263 36218
67. 3 162893 182087 1057 3619 20174 1073 2059 3274
68. 3 191573 218350 1029 24119 37763 1020 93433 114130
69. 3 232439 259395 1070 3357 18581 388 2510 20599
70. 3 285292 291942 147 35 4352 411 19085 21763
71. 3 294920 320577 411 1653 18917 387 5870 31574
72. 3 326268 333771 1037 23974 31159 1035 123493 126232
73. 3 331298 353151 1037 28303 52533 1023 47970 54024
74. 3 346569 371858 1037 44216 73127 1032 12295 23656
75. 3 368913 388393 1032 1049 15192 1045 167094 184222
76. 3 384967 400279 1045 180708 195316 191 429 3940
77. 3 397970 410506 191 2186 7710 449 39413 46824
78. 3 439721 475258 1032 176782 202618 543 153839 177906
79. 3 471357 495597 1032 198433 208052 1051 45316 67092
80. 3 501241 506921 473 10480 22613 526 102551 107709
81. 3 505794 522470 526 87810 103852 473 61531 63526
82. 3 526247 533071 1072 89093 96984 530 28383 32114
83. 3 533262 553686 1059 53861 66750 1072 70071 87389
84. 3 550378 585897 1072 42308 73874 1012 5766 27931
85. 3 579893 611701 1072 27672 49328 1013 54 14870
86. 3 626484 643438 530 33954 39498 1072 98845 110503
87. 3 657718 689857 520 15903 47917 1010 48809 58259
88. 3 690186 699768 530 90456 98945 2001 185153 188673
89. 3 700324 721642 1062 31361 45560 440 1276 14484
90. 3 722725 752882 1035 81904 122496 1058 52752 64678
91. 3 763430 771437 530 40126 48285 1030 95427 103358
92. 3 771971 781198 1030 85563 93168 479 36215 43666
93. 3 784358 823400 2001 16246 46518 1060 121887 143966
94. 3 835313 844992 1072 126281 133768 505 42259 54194
95. 3 854587 869709 1040 53598 67144 1044 4910 16036
96. 3 868714 888792 1040 37713 54497 233 1 8245
97. 4 24681 36382 1000 31026 41050 265 4826 15392
98. 4 37143 44900 538 24186 29958 534 46818 49388
99. 4 51396 59284 1039 142499 152372 538 31742 36124
100. 4 84467 95410 455 3293 10871 309 13389 19916
101. 4 106449 153367 376 175 31359 1065 46754 74617
102. 4 153618 180825 264 451 19198 1065 74947 86114
103. 4 182045 201689 534 20451 27949 1043 51825 65507
104. 4 199671 213880 1043 49422 53873 534 30472 41923
105. 4 214185 230504 479 23357 34840 1072 111820 119321
106. 4 225068 239995 1072 115009 125132 479 10892 21188
107. 4 242856 247254 1029 14004 19830 505 572 3457
108. 4 247672 344170 1039 63222 141039 1003 35339 107478
109. 4 337118 350711 1003 100704 116492 1043 73077 76396
110. 4 350991 373405 1014 36672 49972 1038 32715 47660
111. 4 373877 386084 1014 23928 33634 1039 486 4437
112. 4 386294 392932 167 333 4472 1020 69128 72418
113. 4 391871 399605 1020 65598 70309 161 1 4246
114. 4 399858 408120 1076 138 10518 1020 61754 64306
115. 4 424767 438610 1050 138268 156733 1010 148944 154816
116. 4 440263 467390 1010 129639 146415 1050 111270 137911
117. 4 484308 522341 1070 46652 83912 1063 4099 21463
118. 4 542121 554538 1009 48199 59859 1033 16406 31206
119. 4 566725 579807 411 25139 36253 259 2949 14747
120. 4 586898 607817 1006 38965 55933 541 134533 141559
121. 4 620625 644771 1026 64338 83972 414 1989 13925
122. 4 690534 715708 312 1649 24701 499 55648 68185
123. 4 718997 733509 499 70437 77949 328 673 11835
124. 4 753946 770906 1018 361521 376686 473 1284 7670
125. 4 804734 812996 513 12480 31351 457 4018 7023
126. 4 837613 874917 1019 25105 63517 2001 171777 183810
127. 4 872923 885068 1019 61016 75256 2000 29208 32058
128. 4 885297 900545 2000 6376 18983 1020 683 9701
129. 4 928605 958565 1073 19854 39274 1019 1223 20411
130. 4 963261 979797 1073 7885 19187 461 34721 43814
131. 4 1016976 1039575 1023 207344 223640 1004 56748 74333
132. 4 1039213 1048131 1004 41725 57026 1023 225050 233849
133. 4 1061649 1097565 489 35925 61879 1018 203011 232455
134. 4 1101436 1112128 489 31685 35389 1043 122140 134717
135. 4 1122713 1149801 1046 6069 24381 1041 51977 82369
136. 4 1155907 1162683 1058 138933 146871 1032 149417 156859
137. 4 1160554 1186863 1032 152309 175833 1043 6232 24179
138. 4 1210981 1248463 1055 7145 35297 365 24 11028
139. 4 1267291 1277163 448 372 13747 1031 58757 61459
140. 4 1283987 1298954 1067 12274 21670 513 32164 40726
141. 4 1303467 1319250 1004 3998 16635 344 162 4734
142. 4 1319474 1333749 316 395 13681 1040 26593 33882
143. 4 1333346 1358921 1040 14544 26934 1071 1 26156
144. 4 1397425 1413603 367 892 13689 538 68774 80975
145. 4 1410242 1461692 538 76677 118771 1049 504 34703
146. 5 26840 38279 1018 377497 382904 284 11618 15815
147. 5 60022 73111 1018 400293 408553 297 14386 23991
148. 5 121098 150124 1013 74035 105835 1050 239086 246254
149. 5 152451 189102 1048 151366 181422 1024 94230 124765
150. 5 182610 191812 1024 118060 125767 457 20678 22905
151. 5 191997 215299 495 26727 51693 1018 186178 201598
152. 5 220152 232153 1050 167894 177573 1062 14539 18512
153. 5 230215 243743 1050 157470 170321 1010 157290 162735
154. 5 246010 272511 1020 33477 47427 1066 58572 79428
155. 5 283414 312935 1035 32246 55598 1066 18137 27872
156. 5 310950 327757 1035 53205 67025 1066 31013 37047
157. 5 327924 339778 1027 46518 52407 1066 37217 43181
158. 5 345743 418356 2002 127856 177559 2001 63524 132949
159. 5 436582 451625 1055 37034 41374 365 11743 21181
160. 5 454817 469166 1032 27093 38499 479 50993 55644
161. 5 491604 507830 1073 56893 67039 1067 69586 77350
162. 5 505311 528198 1067 50848 72255 1056 52870 60729
163. 5 526781 547393 1056 59302 74489 1061 135464 143499
164. 5 586885 607040 1008 47628 61790 1018 325215 336256
165. 5 619328 662855 1045 133012 164461 1036 92633 137927
166. 5 664899 707351 1036 26058 61724 1053 63639 90761
167. 5 709326 766370 483 19073 56576 1055 195253 231154
168. 5 767038 780618 1055 177843 188926 1002 2576 9872
169. 5 779773 815145 1055 128379 178793 1001 78022 83542
170. 5 822391 846513 1052 88398 109338 1001 68111 75567
171. 5 842596 852685 1001 63130 72046 1014 244 2199
172. 5 848584 931139 1001 8057 67461 520 54060 109921
173. 5 994534 1006945 1050 34788 41489 1014 13007 21169
174. 5 1007691 1013020 1032 48250 54119 479 58372 60981
175. 5 1030260 1047679 1010 163454 175481 1037 12601 19649
176. 5 1042514 1064279 1037 4245 18273 1045 115541 129919
177. 5 1117514 1135946 325 6047 10532 1028 85646 102258
178. 5 1146612 1152497 361 966 5675 541 12716 14816
179. 5 1151106 1171038 541 13458 23132 1069 8327 19768
180. 5 1178536 1191572 1062 1522 11665 1050 189152 194123
181. 5 1191841 1251748 1004 75313 119670 1023 155860 206037
182. 5 1258168 1294268 413 1849 33606 1064 68647 87139
183. 5 1309431 1348333 1003 2428 31067 1039 18190 59896
184. 5 1421285 1458410 1002 283671 307221 1020 74155 91972
185. 5 1450443 1464872 1002 301247 308361 1039 6544 14509
186. 5 1465361 1484749 423 11134 29122 1050 51940 58845
187. 5 1492208 1501609 1018 470763 476579 1054 145913 151013
188. 6 5332 22487 1029 1002 10214 505 12999 37456
189. 6 26781 43402 448 17986 32851 1031 68608 83269
190. 6 56150 84852 1043 28034 48904 526 7574 15523
191. 6 93525 141720 1018 38103 91695 1060 35582 62967
192. 6 140404 220870 1060 61507 85725 1002 40319 115056
193. 6 180242 244224 1002 82504 134028 228 611 10926
194. 6 244678 259927 1065 1111 5575 1002 135310 147875
195. 6 250625 346280 1002 137553 209365 1033 76702 129165
196. 6 345624 366422 1002 208736 226133 1036 142840 154794
197. 6 359599 411169 1002 218633 254240 534 55973 84999
198. 6 413769 430478 1061 95721 112605 1025 87753 91492
199. 6 432329 444785 1025 80169 87320 1062 109003 118670
200. 6 448632 457733 1032 54437 60162 526 60088 64139
201. 6 502183 519465 1039 166834 186163 1027 36556 44974
202. 6 524978 542635 1048 19222 28662 505 63924 83027
203. 6 564252 620302 463 1134 55561 1016 33831 57950
204. 6 653840 662859 1061 58801 65464 385 362 3630
205. 6 665678 678169 1067 2503 10007 298 667 5314
206. 6 678895 701316 440 17159 35564 543 1639 27767
207. 6 719456 730092 1020 11296 23829 2000 20300 27720
208. 6 766458 772192 1002 268906 274904 1053 28612 30890
209. 6 773305 782814 1044 27607 37518 388 30334 33355
210. 6 795844 812257 1018 392206 399949 297 2732 14011
211. 6 826105 846399 1025 24731 34783 1023 59511 72273
212. 6 857879 866390 1050 60889 68252 423 928 8125
213. 6 871680 900873 460 707 33480 507 60204 72543
214. 6 900067 922053 380 7360 20789 507 51597 61112
215. 6 943962 972073 1043 140412 170761 2001 199741 213111
216. 6 989036 1025042 480 10930 43975 1017 2889 29831
217. 6 1038620 1069847 1053 33028 44703 1054 1123 26332
218. 6 1073144 1084953 1061 82882 94197 1012 604 5579
219. 6 1085289 1097917 1059 35836 52157 370 7329 17460
220. 6 1133761 1146961 543 28334 39248 495 18676 22959
221. 6 1155631 1167680 364 14730 22239 186 87 7227
222. 6 1168935 1175672 1023 126232 131689 1018 178147 181219
223. 6 1176836 1196293 1054 113304 131490 1056 36274 40086
224. 6 1188905 1222229 1054 124114 145599 1018 448471 469821
225. 6 1226727 1239694 309 1360 12673 541 51841 59449
226. 6 1238369 1248494 541 48048 53184 237 2310 8357
227. 6 1250342 1265286 1007 17289 27017 1031 161135 170169
228. 6 1274600 1283984 1026 20542 28062 1041 87507 91772
229. 6 1284268 1298272 1026 9461 19992 1032 144169 147774
230. 6 1294572 1306868 1026 1 13622 1051 1800 6582
231. 6 1307251 1325805 1032 126409 135336 1025 117261 134044
232. 6 1325927 1346413 1025 69659 79705 1062 88429 106614
233. 6 1346672 1377209 1058 67230 83299 1011 23785 45588
234. 6 1391215 1411239 1010 19300 28884 1045 274 14378
235. 6 1427498 1436612 1064 88495 93969 413 33948 40170
236. 6 1466666 1502822 472 3044 39296 337 5007 18712
237. 6 1552950 1589858 2002 111493 126388 2001 135522 164357
238. 6 1706340 1797048 2000 181752 242520 2002 25951 103474
239. 7 30730 56282 513 67798 81683 1028 140309 156452
240. 7 53004 82431 513 78405 94277 1060 1850 17630
241. 7 82640 96718 513 58994 67244 1028 157738 163053
242. 7 97196 104863 1013 181396 184823 1028 204298 214016
243. 7 102113 121112 1028 211095 226361 1013 191483 202983
244. 7 132225 201278 1018 265306 307856 1045 25479 80264
245. 7 210367 231879 333 893 25279 1031 195365 200516
246. 7 230683 246811 1031 180693 196735 193 1 5871
247. 7 252475 284703 1028 50975 85380 325 11110 21283
248. 7 321080 331645 344 5351 10387 1036 189457 198649
249. 7 328838 363485 1036 161109 192267 543 129664 147291
250. 7 369628 394531 1036 208850 231821 2000 1 3110
251. 7 382880 430625 1036 218148 270733 397 15635 41140
252. 7 430709 456828 1024 65042 74068 1030 22483 26684
253. 7 453737 471872 1024 57277 69831 1030 10263 20776
254. 7 478235 490310 1043 92207 98950 1030 551 6324
255. 7 487799 497855 1043 95908 101669 340 378 5245
256. 7 495879 516134 340 3233 20812 1064 95468 105123
257. 7 529321 539107 1031 117935 127926 529 37171 44385
258. 7 557422 574512 1002 21450 35283 348 17797 29110
259. 7 574009 598488 348 3086 18189 1018 96025 139662
260. 7 609306 615786 526 41871 46589 1064 106501 108517
261. 7 619357 627400 1026 54090 61529 1041 110852 115675
262. 7 636046 652184 1044 41869 54828 478 6075 24601
263. 7 654197 700653 1011 1145 22787 1058 83503 117569
264. 7 707047 729974 354 4521 25572 1058 119816 130334
265. 7 745412 756486 1025 62202 66531 1062 75278 86309
266. 7 756961 768213 251 3245 13719 1052 72364 78467
267. 7 768234 773245 1065 31233 46283 1052 46595 60319
268. 7 785234 802073 1036 198938 206303 344 13142 21919
269. 7 802679 814169 1033 65198 74519 543 120206 127533
270. 7 829805 869011 1033 31798 64721 543 108945 116733
271. 7 869459 922094 543 78246 103973 392 1 32898
272. 7 925413 942155 1052 111345 123234 1061 148276 156754
273. 7 950399 980385 1075 1 20494 1032 111076 124707
274. 7 994813 1008031 1032 61001 90524 526 65788 67637
275. 7 1005327 1045560 1032 87895 105781 1055 78247 115052
276. 7 1052581 1070196 1025 104879 114342 1032 135795 143825
277. 7 1071485 1103487 529 1925 32557 1031 132811 139726
278. 7 1118039 1127486 397 565 10588 1048 117855 127542
279. 7 1127851 1144005 1024 78332 93569 1048 140448 150547
280. 7 1144530 1165048 1048 92058 108285 242 761 8155
281. 7 1161010 1184849 1048 75760 95052 479 1 9866
282. 7 1189845 1204405 1063 46233 51989 401 21214 30750
283. 7 1202388 1211711 401 14991 23363 182 678 4904
284. 7 1223989 1241537 1042 2298 16837 1037 90148 106548
285. 7 1240893 1252338 1042 16193 29014 1035 13789 18607
286. 7 1254762 1270232 345 1863 11517 1009 1438 13706
287. 7 1273452 1289154 1009 16801 25882 543 43627 57074
288. 7 1289995 1303861 473 25126 37150 526 114653 123514
289. 7 1304401 1326012 1060 105250 120279 538 39404 52930
290. 7 1323148 1339139 1060 90816 108502 1010 79776 89703
291. 7 1350244 1359205 1067 25860 33799 513 41334 52096
292. 7 1359353 1377079 1048 31575 49800 505 57138 60761
293. 7 1377726 1392284 1051 8692 13590 339 17930 27664
294. 7 1399540 1408770 364 16 6904 209 6087 8833
295. 7 1412833 1425761 1018 244116 254810 1045 89482 97371
296. 7 1427329 1443641 534 2896 18062 1043 66691 69513
297. 7 1443282 1451546 1043 68986 71496 1003 117089 124757
298. 7 1451816 1468302 1038 16387 27977 1014 54948 64989
