>Klactis$
1. 1 2 3 4 5 6 7 8 9 10 11 12 13 14 15 16 17 18 19 20 21 22 23 24 25 26 27 28 29 30 31 32 33 34 35 36 37 38 $
2. 39 40 41 42 43 44 45 46 47 48 49 50 51 52 53 54 55 56 57 58 59 60 61 62 63 64 65 66 67 68 69 70 71 72 73 74 75 76 77 78 79 80 81 $
3. 82 83 84 85 86 87 88 89 90 91 92 93 94 95 96 97 98 99 100 101 102 103 104 105 106 107 108 109 110 111 112 113 114 115 116 117 118 119 120 121 122 123 124 125 126 127 128 129 130 131 132 133 134 135 136 137 $
4. 138 139 140 141 142 143 144 145 146 147 148 149 150 151 152 153 154 155 156 157 158 159 160 161 162 163 164 165 166 167 168 169 170 171 172 173 174 175 176 177 178 179 180 181 182 183 184 185 186 187 188 189 190 191 192 193 $
5. 194 195 196 197 198 199 200 201 202 203 204 205 206 207 208 209 210 211 212 213 214 215 216 217 218 219 220 221 222 223 224 225 226 227 228 229 230 231 232 233 234 235 236 237 238 239 240 241 242 243 244 245 246 247 248 249 250 251 252 253 254 255 256 257 258 259 260 261 262 263 264 265 266 267 $
6. 268 269 270 271 272 273 274 275 276 277 278 279 280 281 282 283 284 285 286 287 288 289 290 291 292 293 294 295 296 297 298 299 300 301 302 303 304 305 306 307 308 309 310 311 312 313 314 315 316 317 318 319 320 321 322 323 324 325 326 327 328 329 330 331 332 333 334 335 336 337 338 339 340 341 342 343 344 345 346 347 348 349 350 351 352 353 354 355 356 357 $

>Scastellii$
1001. 293 $
1002. -312 336 $
1004. -94 -298 -288 -287 $
1005. 54 55 $
1006. 120 -112 -216 -280 -279 $
1007. 28 -315 $
1009. 67 63 73 233 $
1010. 240 $
1011. 254 -96 $
1013. -244 $
1014. 104 356 211 206 -173 255 256 -212 $
1015. 250 349 $
1017. -93 -92 -91 $
1018. -92 -91 $
1019. -340 274 $
1020. 82 83 217 $
1022. -224 -223 -16 229 $
1023. 243 $
1025. 325 52 53 143 $
1027. 227 -306 -305 $
1028. -197 290 261 320 17 18 $
1029. -151 -295 346 $
1030. 135 136 28 9 -78 -61 -60 -196 $
1031. 38 -244 -243 $
1032. -96 -95 -313 338 $
1033. 214 215 117 22 $
1034. 56 -268 11 $
1035. 150 -114 -22 $
1036. 201 98 -7 -6 $
1038. 113 132 133 -303 -302 327 328 329 -186 205 324 -330 $
1039. -238 133 -303 -302 327 328 $
1040. 323 232 74 13 14 291 75 76 -43 -42 -41 -40 5 -72 181 -252 -251 -274 340 $
1041. -322 -321 29 164 -32 -31 -30 110 111 $
1042. -57 -33 -278 -326 301 $
1043. 255 $
1044. -83 -82 $
1045. -72 181 -291 -14 -268 -11 12 13 $
1046. -332 121 $
1047. -156 -108 -140 141 231 $
1048. 47 207 $
1049. 287 288 298 $
1050. 223 -224 -331 139 -138 -315 -314 $
1051. 64 122 -294 345 77 62 99 100 101 97 -167 $
1052. 77 62 -99 $
1053. 198 165 -221 -220 $
1054. 218 $
1055. 139 -93 129 130 -210 86 225 209 -168 70 $
1056. 34 148 27 -273 271 272 -154 -142 -312 336 239 $
1057. -317 -316 -260 245 -351 -350 $
1058. 84 85 86 128 44 45 146 111 109 110 -164 $
1059. 299 1 237 23 24 25 -318 -317 316 -260 245 246 222 202 203 286 -69 174 175 $
1060. 48 49 50 51 -147 $
1061. -187 -186 205 324 -330 -344 89 90 -151 -295 346 131 $
1062. -41 $
1063. 331 332 -138 $
127. 228 $
2000. -193 -192 334 -161 $
2001. -121 -32 -31 -30 -29 17 -18 $
2002. 206 -356 -104 -103 -102 -284 -283 -282 -281 129 130 $
2003. 163 65 66 67 63 73 233 234 301 326 278 33 57 90 -248 126 153 -89 344 249 335 $
248. 95 $
342. -338 $
343. -66 $
373. 21 $
378. -251 $
400. 194 $
416. -281 $
417. 160 $
431. 242 $
453. -241 $
458. -162 -176 $
459. -113 $
465. 253 $
472. 304 $
474. -307 $
485. -166 $
488. -149 $
489. 252 $
490. -56 $
491. -193 $
497. -97 $
506. -188 $
510. -256 $
518. 88 $
519. -153 -152 $
520. 185 $
522. -180 -293 $
525. 118 $
527. -15 $
528. -226 -195 $
532. -127 $
536. 239 $
537. -173 $
539. 12 $
541. -337 21 $
542. -85 250 $
547. 51 52 $
549. 263 $
555. -226 -195 $
558. -150 $
559. -46 -145 -144 $
560. -262 -353 $
562. -124 $
565. 184 $
566. -329 $
567. 68 236 170 $
568. 171 172 $
573. -339 $
575. 230 $
576. 132 $
577. 179 $
578. 112 -120 $
580. 259 $
581. 114 $
582. 240 $
583. -277 -263 -262 $
584. -235 178 247 $
585. -214 -213 $
587. 84 $
588. 109 $
589. -199 -257 $
595. -242 -241 $
596. 333 -191 $
600. -189 $
602. 238 131 $
604. 325 -147 $
605. 269 -270 155 $
608. -319 26 $
610. 168 -209 $
613. 197 198 165 220 221 $
614. -183 $
616. -310 $
617. -38 $
618. -34 -339 $
619. -118 $
620. 313 -314 $
621. -15 $
622. -194 $
623. 227 261 320 321 $
625. -348 -347 -285 -107 $
626. 166 167 $
628. 88 217 35 36 37 $
629. -105 -355 -289 -297 137 $
630. 297 289 $
631. -70 $
634. -19 59 -87 $
635. 215 117 234 $
639. 134 -55 -54 $
640. 300 -158 -157 $
641. 42 43 123 -116 $
646. 337 -247 -178 -177 -235 $
648. -230 -229 -318 $
649. 349 350 -353 -352 -351 354 115 $
651. -58 -20 $
653. -108 -101 -100 $
654. -159 357 -264 $
658. 258 259 $
660. 310 311 -123 202 246 222 -203 352 $
664. -266 -265 $
666. -119 341 342 343 $
668. 134 135 136 10 79 $
671. -219 218 -277 -276 -275 $
672. -212 -211 -210 225 $
673. -185 -184 -183 81 79 -80 $
675. 271 272 -154 -142 $
676. 200 -204 -296 $
677. -192 334 -161 -160 -159 -148 $
679. 190 191 -333 -308 309 $
682. -190 -189 -188 -187 $
683. 8 9 -78 -61 -60 -196 -208 $
686. 177 94 $
687. 169 2 3 4 -39 $
689. 87 -59 19 20 58 $
694. -216 -280 -279 275 -35 -276 $
695. -219 304 149 -81 -80 37 307 -36 $
696. -345 294 122 -64 -231 -141 140 $
697. 273 -27 357 -264 -343 -342 -341 119 $
700. 267 269 300 -158 -157 -156 -155 270 $
701. -103 -102 283 284 -282 $
702. -8 -16 -24 -25 -23 -237 -1 -299 $
705. 71 -182 292 125 126 163 65 $
709. 179 -180 -26 319 354 115 116 347 348 $
710. 290 -10 306 228 305 -335 -249 $
712. 169 2 3 4 -39 296 204 $
714. -258 200 201 -98 -7 -6 -5 40 $
716. -71 -182 292 -125 199 -257 213 -248 -152 $
719. -208 -207 -47 -46 -145 -144 -143 -53 -50 -49 48 $
720. 253 254 -146 175 176 162 127 128 44 45 -174 69 -286 -285 -107 -106 -105 -355 -137 $
721. -267 -266 -265 68 236 170 171 172 -124 -309 -308 322 323 232 74 75 76 -311 106 $


# markers coordinates
1. 1 29717 65971 1059 26683 50422 702 94997 110150
2. 1 67685 100867 712 20482 42086 687 28265 39115
3. 1 102802 129287 687 40346 60509 712 44363 57803
4. 1 132423 148916 712 69157 83330 687 60831 62190
5. 1 152383 162526 714 120450 126341 1040 159886 168344
6. 1 167886 192165 1036 60897 73595 714 108938 118359
7. 1 193623 213779 1036 52178 60608 714 89044 108782
8. 1 218592 226095 683 5696 9883 702 20884 25854
9. 1 225343 249628 683 9056 17030 1030 41576 48859
10. 1 269553 277484 668 24771 29939 710 21269 25636
11. 1 297542 314555 1034 28024 36653 1045 78918 82547
12. 1 314573 335322 539 931 10519 1045 82903 92669
13. 1 344642 353796 1045 99790 107353 1040 23794 31121
14. 1 352856 371615 1040 30357 42294 1045 51057 56241
15. 1 420317 427856 527 6317 10966 621 26640 31180
16. 1 427861 453730 1022 38791 51092 702 31432 45084
17. 1 454423 499544 1028 52181 77303 2001 61840 77952
18. 1 500097 509481 2001 80541 86764 1028 80539 83595
19. 1 563147 574813 634 3 7887 689 23652 29028
20. 1 575020 618004 651 38376 55369 689 29532 54661
21. 1 628173 635452 373 179 3151 541 6196 9380
22. 1 646573 676808 1035 29998 44988 1033 21167 41027
23. 1 677067 692050 702 77417 86169 1059 62428 70246
24. 1 692606 701509 702 56514 60280 1059 70466 75437
25. 1 698626 710911 1059 72774 79622 702 60440 70763
26. 1 711231 719253 709 31626 37494 608 19383 23710
27. 1 736461 750446 1056 20796 31516 697 13032 18366
28. 1 763946 797244 1030 25103 40270 1007 1882 15692
29. 1 811860 831784 1041 19724 31224 2001 50223 60026
30. 1 832430 848529 1041 56263 67917 2001 46391 50034
31. 1 844245 855999 1041 53147 60388 2001 39958 43724
32. 1 854163 885515 2001 20855 41466 1041 39547 51636
33. 1 917868 928255 1042 18624 23450 2003 160194 167299
34. 1 928563 952923 1056 2174 15529 618 1366 10044
35. 1 953797 975729 694 66241 74562 628 28744 40256
36. 1 975786 987336 628 41065 46006 695 88748 92722
37. 1 982552 991606 628 42621 46434 695 81857 83978
38. 1 1021526 1025292 1031 4012 7311 617 14455 16582
39. 2 44819 59209 687 62410 75312 712 85785 92342
40. 2 61451 66792 1040 156263 159497 714 126540 129294
41. 2 67723 86997 1062 770 7528 1040 146244 156206
42. 2 82972 130023 1040 123776 150035 641 524 20064
43. 2 127978 158455 1040 103829 125755 641 22404 33658
44. 2 159037 206800 1058 117769 143346 720 91107 116621
45. 2 208684 217747 1058 143538 149690 720 116875 120400
46. 2 219931 232410 559 826 8580 719 78400 83749
47. 2 248299 304733 1048 3821 28183 719 37836 68668
48. 2 326871 365522 1060 9013 28282 719 184811 203304
49. 2 364575 393422 1060 27242 42926 719 169588 182624
50. 2 395811 452831 719 147585 169434 1060 43443 80456
51. 2 451695 463642 1060 79371 86820 547 1628 10724
52. 2 461624 469265 547 8724 11813 1025 24819 28850
53. 2 469929 500990 719 120363 140712 1025 29039 40616
54. 2 519156 535140 1005 100 10374 639 23618 33736
55. 2 529188 554782 1005 7362 17565 639 11788 25135
56. 2 563851 574073 490 2465 8355 1034 8425 12920
57. 2 588821 623052 1042 538 18386 2003 168473 178691
58. 2 623544 658829 689 55307 72823 651 21091 37989
59. 2 659591 675017 634 8556 23684 689 11465 20820
60. 2 681163 690308 683 43671 48736 1030 63481 67690
61. 2 693510 721240 683 21190 42854 1030 62115 63316
62. 2 722254 746809 1051 52869 57943 1052 6043 22475
63. 2 749520 757571 1009 8095 15278 2003 53477 55287
64. 2 764962 772606 696 47514 53992 1051 245 2799
65. 2 775550 825288 705 102692 122788 2003 15247 47987
66. 2 823945 829446 2003 46458 50226 343 3 1663
67. 2 830548 835415 2003 50431 53331 1009 122 7837
68. 2 840160 880630 721 80901 102290 567 2 15834
69. 2 895841 905954 1059 183041 192519 720 139994 149823
70. 2 943832 950630 1055 138257 141011 631 39595 43824
71. 2 966275 989360 705 3 13656 716 15927 23118
72. 2 1030050 1035564 1045 6381 8637 1040 175732 178151
73. 2 1043344 1083366 2003 63163 82686 1009 19008 43816
74. 2 1084129 1093982 721 233252 238281 1040 9577 13593
75. 2 1093257 1104749 721 237544 246644 1040 76242 80039
76. 2 1103388 1126543 721 245151 262020 1040 82216 96091
77. 2 1134173 1145763 1051 46676 52425 1052 1 5750
78. 2 1149114 1160833 1030 50209 60131 683 17277 20811
79. 2 1182602 1198082 673 25002 32153 668 36495 47855
80. 2 1222276 1255655 695 30144 57301 673 32657 46397
81. 2 1248654 1264300 695 22493 39095 673 19522 23449
82. 3 24124 89529 1044 30321 70495 1020 20975 48771
83. 3 89978 121281 1044 1326 26913 1020 48941 52010
84. 3 139887 177619 1058 1972 28475 587 2031 26570
85. 3 225470 246508 1058 52041 71054 542 2623 5062
86. 3 250633 279804 1058 71994 96792 1055 70590 73358
87. 3 311611 330481 634 23929 36817 689 1 10060
88. 3 341104 345969 628 251 4612 518 4474 7565
89. 3 346318 360632 1061 82593 92810 2003 231563 237850
90. 3 377185 386591 1061 111173 118373 2003 181374 187733
91. 3 427841 444062 1017 14073 24677 1018 19586 30784
92. 3 461375 476808 1018 8610 19180 1017 8424 13049
93. 3 481598 492183 1055 20669 30525 1017 3647 5444
94. 3 496583 517720 686 31629 43116 1004 1061 15803
95. 3 520079 523393 1032 14791 17070 248 2 1372
96. 3 522995 533817 1032 7340 15186 1011 25406 28518
97. 3 550683 565322 497 377 7750 1051 126956 133155
98. 3 566371 595695 1036 31984 47199 714 72056 83874
99. 3 596252 610190 1052 22635 28821 1051 63918 70725
100. 3 613222 644847 653 45042 62791 1051 72152 81701
101. 3 646269 662187 653 37640 43359 1051 85162 103116
102. 3 662466 700674 701 17011 42379 2002 52921 71776
103. 3 697288 722523 2002 43430 55298 701 566 17472
104. 3 723077 738101 2002 32399 43222 1014 2 11935
105. 3 738306 752104 629 3 9343 720 208092 219789
106. 3 754098 762171 721 276863 279149 720 205161 207995
107. 3 762625 799209 625 39854 46382 720 176774 201018
108. 3 828109 871973 653 6465 37340 1047 15690 32517
109. 3 878425 899260 588 17610 30307 1058 198807 203916
110. 3 899784 910381 1041 130884 137361 1058 204050 207403
111. 3 906848 924258 1041 133624 143733 1058 174688 178065
112. 3 971620 986999 578 2488 7880 1006 19862 28109
113. 3 1006574 1023213 459 193 6882 1038 915 12964
114. 3 1044346 1057050 581 5327 15279 1035 20363 23079
115. 3 1063093 1072568 649 53399 57793 709 62294 68730
116. 3 1077786 1089890 641 49188 53117 709 71526 79529
117. 3 1090895 1096286 1033 17132 20818 635 8148 11916
118. 3 1098631 1122846 525 305 8415 619 14847 29203
119. 3 1123917 1148365 697 76030 85472 666 1306 13836
120. 3 1159397 1198063 1006 3 18724 578 8365 28229
121. 3 1198406 1238962 1046 19630 33807 2001 9395 20678
122. 3 1245226 1257896 696 34295 46546 1051 3878 6017
123. 3 1297342 1301640 660 20603 22967 641 36831 38877
124. 3 1305101 1344842 721 121914 150067 562 7767 16941
125. 3 1349181 1361203 705 78858 89496 716 91757 93541
126. 3 1356426 1380579 705 84195 96066 2003 206432 219781
127. 3 1397274 1411215 720 64517 77013 532 13817 15713
128. 3 1403085 1420543 720 69320 83458 1058 115088 117273
129. 3 1421680 1441309 1055 35404 39223 2002 129607 146202
130. 3 1448866 1465052 2002 146534 153968 1055 39569 49214
131. 3 1494101 1501454 602 22058 25260 1061 204341 210734
132. 3 1544404 1561868 1038 21018 33836 576 12608 24727
133. 3 1562996 1591629 1039 16703 38780 1038 34393 41126
134. 3 1592949 1602983 639 8418 10880 668 7181 13130
135. 3 1605788 1610778 1030 272 1293 668 16222 20128
136. 3 1608010 1616252 668 17352 24517 1030 7749 9970
137. 3 1638916 1654455 629 30490 35460 720 224907 239072
138. 4 80327 88388 1063 23422 27970 1050 60290 63717
139. 4 89887 100161 1050 55538 59261 1055 2910 7930
140. 4 146344 158402 696 71264 77251 1047 32938 41139
141. 4 162870 171784 1047 43791 51531 696 67413 70804
142. 4 196687 207182 675 52643 56513 1056 94615 99481
143. 4 212703 218449 719 115795 119847 1025 41002 43551
144. 4 229566 236146 719 104681 109229 559 17216 19806
145. 4 238050 251055 559 13493 16761 719 95268 103780
146. 4 265761 286345 720 33963 45453 1058 150148 157368
147. 4 348791 365654 604 18638 22579 1060 88912 91021
148. 4 390602 402895 677 61631 71866 1056 16198 20360
149. 4 409305 421991 488 2 7748 695 17005 22038
150. 4 422549 433353 1035 164 9071 558 1880 4975
151. 4 441827 463633 1061 118625 133826 1029 12889 21562
152. 4 482279 499150 716 137109 142903 519 3302 14194
153. 4 494751 505442 519 1661 7317 2003 222120 226375
154. 4 544437 561184 675 42059 45373 1056 81377 85979
155. 4 562063 588275 700 83269 100323 605 26081 34259
156. 4 588834 605476 1047 463 10068 700 74365 83152
157. 4 606857 620658 640 35225 43908 700 67750 73855
158. 4 619630 642525 700 57303 68859 640 18777 33313
159. 4 664947 699495 654 3 27547 677 47941 58065
160. 4 701887 710608 677 43904 47423 417 152 4521
161. 4 710885 738918 2000 62366 82205 677 28775 43688
162. 4 747666 753723 720 57129 60914 458 1837 3609
163. 4 760795 771084 2003 9783 15050 705 96318 102058
164. 4 792405 804095 1041 31701 38754 1058 207652 210742
165. 4 831834 852683 1053 15424 28598 613 13464 17787
166. 4 861726 872896 626 12002 21258 485 1 2100
167. 4 868131 891515 626 16689 27175 1051 139006 148062
168. 4 892955 935738 610 10338 26514 1055 95277 123180
169. 4 975206 991099 687 20006 27092 712 8267 18928
170. 4 991747 1007136 721 105677 110447 567 18656 24161
171. 4 1009428 1020235 568 1056 12170 721 110845 117197
172. 4 1022895 1037537 568 12710 25478 721 118202 121649
173. 4 1045077 1061786 537 4259 15109 1014 80264 86026
174. 4 1063576 1083843 720 124040 137056 1059 193359 204044
175. 4 1086914 1101315 720 45759 54441 1059 204219 212087
176. 4 1099951 1109728 720 53038 56778 458 3947 9046
177. 4 1110164 1122959 646 33372 38046 686 9104 12505
178. 4 1120945 1141208 646 25607 34924 584 5800 16243
179. 4 1153371 1175669 577 1 13419 709 2203 11945
180. 4 1199071 1206932 522 2392 5412 709 14762 21837
181. 4 1224490 1233487 1040 178384 184327 1045 9366 14659
182. 4 1238190 1322697 716 36637 83372 705 24842 66487
183. 4 1325624 1329234 673 17500 19378 614 299 1494
184. 4 1336727 1362561 673 6519 15849 565 4698 19392
185. 4 1361758 1366245 673 4979 7310 520 3 861
186. 4 1387846 1414706 1038 98375 115503 1061 4433 11515
187. 4 1415185 1432640 682 58632 71573 1061 2 4368
188. 4 1426856 1445255 682 56025 64208 506 2070 14091
189. 4 1443150 1483069 682 31470 58226 600 16759 29669
190. 4 1526808 1562137 679 1346 19608 682 590 16562
191. 4 1553985 1589332 679 11372 31714 596 12568 27652
192. 4 1590084 1617185 2000 23557 42044 677 1423 13786
193. 4 1610176 1650171 2000 1 30042 491 2252 10603
194. 5 45755 58087 622 7679 16710 400 3 2603
195. 5 92292 119204 555 6296 19715 528 11549 15159
196. 5 123073 131779 683 55119 61125 1030 72840 74112
197. 5 138197 145816 613 2 4154 1028 1 2022
198. 5 143257 166842 613 1926 13165 1053 191 14609
199. 5 177514 199797 716 93754 106570 589 396 9955
200. 5 205466 224890 676 5984 15617 714 16509 25656
201. 5 224180 308568 714 24862 71835 1036 1050 31827
202. 5 309039 327573 1059 156706 166760 660 22969 30378
203. 5 326893 335921 1059 166059 168882 660 53224 58739
204. 5 336505 365595 676 34115 51477 712 110171 130130
205. 5 366535 373421 1038 121825 125006 1061 21198 25732
206. 5 382874 410281 2002 7684 21736 1014 72608 79624
207. 5 439551 450659 719 29709 37621 1048 28244 30842
208. 5 446469 489966 719 546 33271 683 63694 76882
209. 5 513485 523850 1055 83232 88864 610 27225 32945
210. 5 531676 558141 1055 50091 67987 672 44690 57492
211. 5 558694 601655 1014 33028 55496 672 20567 43779
212. 5 594361 643074 672 1715 28250 1014 158064 168586
213. 5 645766 658325 585 5277 15009 716 115334 117591
214. 5 655635 670967 1033 3058 12141 585 1 8033
215. 5 669201 682890 1033 10369 16661 635 50 8078
216. 5 699154 716660 1006 29244 35450 694 12127 19937
217. 5 717476 729026 1020 63629 73161 628 11627 13887
218. 5 740213 758538 671 16759 25610 1054 8586 26548
219. 5 766878 778795 671 8465 15505 695 1561 7947
220. 5 793287 817703 1053 48702 59985 613 22703 30328
221. 5 817829 827517 613 33636 40752 1053 45726 48269
222. 5 828244 835711 660 50648 52830 1059 153003 156337
223. 5 836226 842554 1022 3790 6349 1050 13660 16891
224. 5 845298 859959 1022 2 3066 1050 16982 20601
225. 5 881665 889626 672 59221 61489 1055 75659 77306
226. 5 890157 904949 555 1 6011 528 3048 11432
227. 5 906675 912392 1027 3171 7955 623 803 4642
228. 5 915551 933986 710 47271 64675 127 3 556
229. 5 935625 955310 1022 56678 63218 648 23808 34389
230. 5 957487 968229 648 21475 22938 575 1175 4539
231. 5 976184 993105 696 54948 63649 1047 58254 64317
232. 5 1079451 1088158 721 221257 233081 1040 6826 9407
233. 5 1088810 1094647 1009 44473 49019 2003 83057 85300
234. 5 1095828 1124965 635 18754 33117 2003 86071 101081
235. 5 1125573 1131698 584 151 3544 646 44023 46300
236. 5 1135181 1139460 567 16111 18054 721 102447 105425
237. 5 1142167 1158452 702 89039 94436 1059 50594 56526
238. 5 1245694 1268520 1039 3 14516 602 388 5470
239. 5 1331095 1342381 1056 170156 173845 536 2218 7883
240. 5 1370741 1384210 582 10156 18760 1010 3106 5444
241. 5 1397950 1413360 453 219 4241 595 4969 18295
242. 5 1409984 1418956 595 2906 8331 431 426 3774
243. 5 1457903 1468048 1031 26303 33175 1023 2359 5897
244. 5 1467102 1477821 1031 21710 27655 1013 3834 8235
245. 5 1479322 1496297 1057 24828 35255 1059 128076 141242
246. 5 1494849 1503177 1059 139329 142632 660 33260 38255
247. 5 1503510 1525750 646 10827 25472 584 17467 29152
248. 5 1551621 1571506 2003 197237 204317 716 119338 130417
249. 5 1575809 1596283 2003 266476 280259 710 112803 127975
250. 5 1604192 1628808 542 5136 14221 1015 205 17385
251. 5 1641507 1649558 1040 197982 201756 378 2 2516
252. 5 1652892 1668724 1040 189639 192221 489 1464 12060
253. 5 1670923 1683747 720 2174 6892 465 1173 8514
254. 5 1683925 1723900 1011 171 25008 720 7048 28850
255. 5 1733708 1835104 1014 86206 139567 1043 3376 45198
256. 5 1829697 1859456 1014 134444 148274 510 1 13048
257. 5 1872227 1883215 589 18757 23585 716 106848 113197
258. 5 1892524 1922616 658 3 23015 714 1578 11315
259. 5 1931058 1943651 658 25884 32286 580 5804 13213
260. 5 1943933 1952545 1059 120054 125822 1057 22241 24608
261. 5 1954118 1969744 1028 19145 27522 623 4636 15521
262. 5 1994296 2003178 583 22341 26652 560 2385 4401
263. 5 2001004 2021349 583 17896 24608 549 575 10580
264. 5 2037327 2046779 697 29129 37097 654 36638 42762
265. 5 2051146 2063543 721 67790 71905 664 49048 57142
266. 5 2071111 2145151 664 1982 48194 721 26163 63200
267. 5 2148115 2188663 721 2 25912 700 173 13610
268. 6 20124 46690 1045 58771 69220 1034 19138 27791
269. 6 54232 95305 700 17566 39306 605 2947 16959
270. 6 96166 106983 700 101297 103797 605 17517 25536
271. 6 126312 170255 1056 42879 68238 675 12946 23096
272. 6 170883 188266 675 27573 37645 1056 68395 73749
273. 6 188816 202426 697 461 8896 1056 33452 38285
274. 6 208858 220091 1019 7736 16583 1040 228518 230614
275. 6 313991 361737 694 42696 66068 671 40385 65350
276. 6 355439 371282 671 38073 46392 694 80723 86798
277. 6 371730 380215 583 2 4821 671 32577 37803
278. 6 397611 421052 1042 23814 48281 2003 153860 159889
279. 6 421860 439683 694 36546 39182 1006 44345 58161
280. 6 451579 466276 1006 36322 43949 694 20240 27643
281. 6 494045 505221 2002 112728 121721 416 242 1883
282. 6 506007 555898 701 64525 94323 2002 87138 111621
283. 6 556540 561199 2002 84746 86449 701 50535 52971
284. 6 562259 571330 701 53212 63062 2002 78365 84618
285. 6 574421 617587 720 154966 173488 625 22648 39348
286. 6 618296 632247 1059 173181 182662 720 150500 154654
287. 6 638611 648940 1049 15177 23936 1004 56319 60805
288. 6 650475 657959 1004 48998 56209 1049 24176 28248
289. 6 658475 673094 630 11824 21475 629 13663 18996
290. 6 680589 699380 710 4138 11502 1028 3988 18548
291. 6 707516 751920 1040 51240 76016 1045 20878 47858
292. 6 761965 777572 705 66665 78650 716 84056 91603
293. 6 781508 787854 1001 19924 23795 522 5655 11729
294. 6 790859 817837 696 12921 27462 1051 12938 29753
295. 6 818541 835637 1061 140409 149850 1029 21982 29784
296. 6 911305 921720 676 57563 64155 712 93228 96580
297. 6 944501 957400 630 2368 11334 629 19206 24797
298. 6 957948 993279 1049 28747 48040 1004 28417 48839
299. 6 1001626 1013788 702 110592 115872 1059 12012 18222
300. 6 1030159 1057103 640 3 17533 700 45079 56788
301. 6 1068992 1092494 2003 113146 127639 1042 74070 77352
302. 6 1093680 1098154 1039 46229 48241 1038 53926 56454
303. 6 1095626 1109412 1039 44728 47293 1038 44111 55374
304. 6 1125630 1138855 472 356 8275 695 11173 16820
305. 6 1143195 1161806 710 79985 96757 1027 29385 37759
306. 6 1162739 1170159 1027 20750 24679 710 41409 46750
307. 6 1177776 1185244 474 4519 7937 695 84556 87037
308. 6 1201353 1223633 721 167404 182967 679 39172 45318
309. 6 1224178 1246179 679 52908 65109 721 150247 166949
310. 6 1252906 1278094 616 9747 25729 660 2 14394
311. 6 1266539 1283247 660 2633 16001 721 273219 275918
312. 6 1284278 1315137 1056 125714 146422 1002 1 12964
313. 6 1378784 1387875 1032 21653 26143 620 7525 13638
314. 6 1395315 1407436 620 18724 27020 1050 75978 78262
315. 6 1406798 1435362 1050 66547 76559 1007 67324 81751
316. 6 1475341 1491960 1059 108767 119869 1057 9660 18973
317. 6 1490815 1505652 1057 748 10877 1059 100285 104338
318. 6 1506192 1525058 648 34940 49254 1059 87434 99953
319. 6 1541253 1558610 608 4832 19194 709 37922 44243
320. 6 1559454 1570367 623 16108 21744 1028 33332 38761
321. 6 1571290 1591122 1041 8316 19239 623 23750 31119
322. 6 1587214 1618742 1041 2 12299 721 194666 210130
323. 6 1618128 1631586 721 209354 220846 1040 746 4529
324. 6 1637803 1649127 1061 26054 30872 1038 125386 131496
325. 6 1657556 1682833 604 10724 18192 1025 14364 23175
326. 6 1709034 1727515 2003 141368 150065 1042 49399 56761
327. 6 1734636 1792211 1039 49051 79345 1038 57305 76273
328. 6 1789536 1818435 1039 76574 94276 1038 78912 89151
329. 6 1821832 1837009 566 11667 23042 1038 89437 97184
330. 6 1862310 1873336 1061 37496 41510 1038 142413 147905
331. 6 1880075 1891163 1063 825 13294 1050 47168 50112
332. 6 1886914 1904429 1063 9167 22878 1046 938 8853
333. 6 1924148 1936200 596 4697 12086 679 34350 38817
334. 6 1936804 1959895 2000 43331 62027 677 14116 28585
335. 6 1962951 1969036 2003 289069 291443 710 100893 105699
336. 6 1975203 1998377 1056 155581 164791 1002 15938 28103
337. 6 2004309 2013615 646 2 1600 541 1 5779
338. 6 2102745 2114525 1032 29786 37119 342 1 1752
339. 6 2130327 2158429 573 3 12078 618 13206 23614
340. 6 2165407 2184475 1040 230912 240536 1019 3 7423
341. 6 2200946 2229253 697 57727 75516 666 14488 26207
342. 6 2229493 2254276 666 27603 44368 697 45422 57628
343. 6 2246666 2277472 697 40295 53542 666 46048 63890
344. 6 2292807 2307848 1061 72508 82122 2003 240152 246456
345. 6 2308342 2332845 696 1667 12673 1051 30020 41921
346. 6 2333488 2356196 1061 150655 170270 1029 31147 35265
347. 6 2356566 2370501 709 103282 112615 625 12695 15327
348. 6 2368996 2388783 625 3931 14350 709 116097 125390
349. 6 2404449 2411244 1015 20998 22849 649 5719 8962
350. 6 2408281 2420028 649 6786 11946 1057 45664 53011
351. 6 2420635 2430558 649 27547 33445 1057 40019 43262
352. 6 2428360 2445525 649 24071 29742 660 59179 68590
353. 6 2448748 2458689 649 16395 23871 560 16937 22339
354. 6 2477131 2496457 649 42695 53223 709 50786 62081
355. 6 2534020 2540713 720 219847 222395 629 9539 12353
356. 6 2541110 2560900 2002 22512 32247 1014 20480 28269
357. 6 2579510 2586146 697 24683 28702 654 33130 36187
