>Kwaltii$
0. 1 2 3 4 $
14. 5 6 7 8 9 10 11 12 13 14 15 16 17 18 19 20 21 22 23 24 25 26 27 28 29 30 31 32 $
23. 33 34 35 36 37 38 39 40 41 42 43 44 45 46 47 48 49 50 51 52 53 54 55 56 57 58 59 60 61 62 63 64 65 66 67 68 69 $
26. 70 71 72 73 74 75 76 77 78 79 80 81 82 83 84 85 86 87 88 89 90 91 92 93 94 95 96 97 98 99 100 101 $
27. 102 103 104 105 106 107 108 109 110 111 112 113 114 115 116 117 118 119 120 121 122 123 124 125 126 127 128 129 130 131 132 133 $
33. 134 135 136 137 138 139 140 141 142 143 144 145 146 147 148 149 150 151 152 153 154 155 156 157 158 159 160 161 162 163 164 165 166 $
34. 167 168 169 170 171 172 173 174 175 $
47. 176 177 178 179 180 181 182 183 184 185 186 187 188 189 190 191 192 193 194 195 196 197 198 199 200 201 202 203 204 205 $
55. 206 207 208 209 210 211 212 213 214 215 216 217 218 219 220 221 222 223 224 225 226 227 228 229 230 231 232 233 234 235 236 237 $
56. 238 239 240 241 242 243 244 245 246 247 248 249 250 251 252 253 254 255 256 257 258 259 260 261 262 263 264 265 $

>Sbayanus$
420. 247 $
436. -195 $
445. 255 $
447. 156 $
451. -211 $
454. 56 $
457. 18 $
458. -63 $
459. 38 $
461. 122 $
462. -40 $
463. -15 $
469. -31 $
470. 100 $
474. 228 $
475. -227 $
476. 210 $
477. -260 $
480. -250 $
482. 240 $
484. 170 $
485. 137 $
486. -19 $
487. -85 $
488. -8 -79 $
489. 156 $
490. 19 20 $
491. -9 $
494. 88 $
495. 228 $
496. 245 $
497. -123 $
500. 172 $
501. 263 $
502. 243 244 $
503. -256 $
504. -157 $
505. 84 $
507. -253 $
508. 219 220 -81 $
509. -213 -212 $
512. 153 $
513. -80 $
514. 154 155 $
516. 188 121 $
518. -147 $
519. -41 $
520. -87 -86 $
521. -126 -125 $
522. -117 $
524. 48 49 $
525. 150 $
527. 190 191 $
528. -117 $
529. 196 $
530. 229 $
533. -51 $
534. -164 -163 $
535. -152 -53 $
536. 223 224 -216 $
537. -170 -213 $
538. 52 $
539. -101 $
541. -249 $
542. 148 $
543. -107 $
544. 96 -214 $
545. -98 -97 $
546. -147 $
548. -233 145 146 $
549. 201 $
550. -148 246 $
551. 124 $
552. 231 $
554. -247 -246 $
555. -194 -199 -104 $
556. -79 -78 $
557. -115 17 18 $
558. 177 $
559. -76 $
560. -264 -121 $
561. -118 39 $
562. -101 $
563. 30 -1 -32 $
565. -16 $
566. -159 -26 $
568. 206 $
569. -134 $
570. -212 -211 -210 $
571. -257 $
572. 150 61 62 $
573. -146 $
574. -250 -242 $
575. -234 $
576. 74 -75 28 183 $
577. -215 $
578. -120 119 $
579. -166 103 $
580. -231 -230 $
581. 207 235 176 $
583. -87 -86 23 -251 $
585. -22 -258 -116 $
586. 160 -161 $
587. -201 -200 -242 $
588. 83 -158 -9 $
589. 72 130 169 $
590. -186 -185 -184 $
591. -254 257 $
592. -264 $
593. 77 78 $
594. -7 -6 -5 $
595. -17 -216 -32 -31 $
596. -38 -37 -36 $
597. 29 $
598. -222 -221 -215 $
599. 133 -140 -10 265 $
600. 28 75 -74 -162 $
602. 218 $
603. 2 -3 -37 -36 188 $
604. 102 149 106 $
605. 218 219 $
607. 138 139 140 141 $
609. 56 -120 -119 -190 -204 $
610. -142 $
611. -113 $
612. 99 -47 -168 -167 $
613. -97 -139 -16 -15 -14 $
614. 73 175 -241 $
615. -89 -88 $
616. -207 -112 $
617. -59 -236 179 180 $
618. -157 263 122 123 $
619. 253 178 $
620. 229 230 -85 -84 34 $
621. -205 -204 -203 $
622. 1 -30 -161 $
623. -135 -134 $
624. 7 -29 $
625. -111 -110 $
627. 34 35 54 55 $
628. -205 60 $
629. 11 12 -13 $
630. -63 -62 -232 -209 -125 -124 $
631. 135 136 -245 -244 -126 192 $
632. 127 128 129 $
633. 64 65 191 64 $
634. 175 -114 -57 189 $
635. 89 90 91 92 93 94 -95 $
636. -226 -225 217 45 42 43 44 $
637. 261 262 66 -221 -239 238 $
638. 197 240 241 82 $
639. -14 -186 26 23 -251 $
640. 206 $
641. -237 -58 $
642. 98 -42 -45 -217 225 226 227 $
643. 102 -176 179 180 $
644. -50 -149 177 178 $
645. -203 -202 -235 -224 -223 -222 173 $
646. -33 162 163 33 160 164 165 $
648. 143 144 145 $
650. 113 -184 -183 131 $
651. 95 -94 -93 -92 -68 -67 -66 -262 -261 -260 $
652. -6 -5 80 81 82 83 -158 $
653. 165 133 -10 265 -50 $
654. 236 59 $
655. -118 3 4 67 68 69 $
656. -200 -199 -198 -197 -196 -195 -194 -193 $
657. -77 -76 187 -168 -167 -40 $
658. -259 -258 -116 -115 -91 -90 $
659. -237 -58 $
660. 248 108 -25 -24 252 $
661. 57 114 -27 -110 -109 -151 -208 132 $
662. 99 -47 -46 -181 $
663. 181 46 144 61 -60 $
664. 70 71 $
665. -55 -54 -35 $
666. -137 69 $
667. 155 154 -153 -152 -53 -52 -51 $
668. -8 -193 -192 209 232 233 234 $
669. 185 -73 -72 $
670. -171 -105 -104 -103 166 -109 -151 141 -208 $
671. -100 48 49 106 107 -130 169 214 -96 $
672. -159 187 189 -13 -12 -11 -256 -255 -254 $
673. 70 71 $
674. -202 220 182 27 2 39 -259 -21 -20 $
675. 136 4 -174 -173 -143 -142 $
676. 174 -172 -171 -105 -198 238 239 -138 $
677. -252 24 25 182 111 112 -65 $
678. 21 22 127 128 129 243 -249 43 44 41 -132 -131 108 -248 $


# markers coordinates
1. 0 1555 24833 563 18094 23626 622 4788 17551
2. 0 59642 86619 674 105251 113010 603 2459 4794
3. 0 88989 99268 603 6390 10608 655 9051 15180
4. 0 103950 157702 655 17608 35566 675 37080 86128
5. 14 85593 102127 652 9373 22609 594 24815 29467
6. 14 101180 122608 652 1328 10323 594 8292 14487
7. 14 118597 128480 594 5782 11966 624 4549 7102
8. 14 132046 137331 488 384 3023 668 10297 12673
9. 14 139897 154273 491 7966 14942 588 46978 52915
10. 14 157293 168455 653 66080 74773 599 18036 24255
11. 14 173819 209826 672 80020 99258 629 16744 36766
12. 14 212675 235595 672 69039 78894 629 39502 51944
13. 14 233250 253911 629 51999 55849 672 65059 71588
14. 14 268358 285334 613 66544 74260 639 1059 6092
15. 14 278328 302960 613 57724 71365 463 3845 6905
16. 14 290742 336942 613 39937 66225 565 10667 29489
17. 14 367837 391495 595 726 11229 557 14944 24475
18. 14 390491 406872 557 23423 34019 457 730 5617
19. 14 406891 429696 486 812 13143 490 1810 9687
20. 14 427492 450551 490 7510 11100 674 179495 192672
21. 14 438094 480440 674 175108 190632 678 638 21116
22. 14 476916 499606 678 17577 34206 585 1637 12785
23. 14 501060 522982 639 71968 78741 583 22683 34503
24. 14 524221 547867 660 101921 111570 677 10781 23890
25. 14 547112 596703 660 74173 102592 677 25636 54403
26. 14 627452 642138 566 22861 33086 639 39190 44067
27. 14 643215 659725 674 86996 90055 661 36106 53867
28. 14 679677 697240 600 3124 8345 576 25209 30389
29. 14 715397 748818 597 37229 57697 624 48603 65688
30. 14 761723 774783 622 18402 25049 563 10313 14989
31. 14 788568 811130 595 38595 41552 469 1638 7880
32. 14 809874 829806 595 32334 39845 563 23940 36299
33. 23 45793 60381 646 34596 41453 646 1986 9084
34. 23 72876 116393 620 54627 77649 627 3621 25388
35. 23 118510 155276 627 25899 45405 665 79330 92354
36. 23 165238 178492 596 56119 69664 603 43366 48127
37. 23 183266 238202 603 19585 42041 596 18661 55432
38. 23 236011 253178 596 6097 20497 459 5697 9721
39. 23 279160 313579 674 130951 145698 561 15620 37052
40. 23 343341 365110 657 110895 124410 462 1128 6613
41. 23 378691 415927 678 206688 227709 519 1750 8176
42. 23 417181 441598 642 16382 24519 636 65364 80475
43. 23 439187 467458 636 78187 85250 678 167919 186375
44. 23 465097 487581 678 183884 200272 636 86801 92444
45. 23 504354 528128 642 32901 52499 636 44552 51804
46. 23 556081 582070 663 24716 40677 662 58639 67465
47. 23 574255 637385 662 23714 66245 612 19956 46859
48. 23 638903 658835 671 21044 27650 524 4316 16315
49. 23 659077 667187 524 18132 21576 671 27921 32184
50. 23 667407 688824 644 2706 19805 653 110080 116256
51. 23 700255 755720 667 107522 147868 533 605 8096
52. 23 747753 781033 667 91053 113475 538 1652 17122
53. 23 790636 816425 535 9949 23160 667 67956 82942
54. 23 831183 870443 627 47336 59277 665 49859 78298
55. 23 873624 952504 665 2475 47448 627 62788 98728
56. 23 959109 965339 454 1164 3733 609 919 3162
57. 23 1019917 1038964 661 1939 9249 634 29312 41986
58. 23 1073605 1110806 641 64094 85653 659 68490 86385
59. 23 1111941 1154592 654 35445 72033 617 5477 10336
60. 23 1174684 1196261 628 35912 53527 663 96849 102012
61. 23 1231861 1245635 572 23073 37049 663 86230 87404
62. 23 1235848 1276114 572 25790 40727 630 16649 42025
63. 23 1253213 1306811 630 371 36708 458 346 9001
64. 23 1307213 1331887 633 65329 80618 633 1191 11418
65. 23 1331156 1395920 633 10657 51980 677 166491 211028
66. 23 1421630 1436682 651 58412 68935 637 30509 34901
67. 23 1434094 1452604 651 49223 61312 655 37420 44737
68. 23 1455232 1478742 655 44864 55088 651 40505 48104
69. 23 1484260 1591127 655 63368 108598 666 30856 92982
70. 26 40268 74430 664 18158 38222 673 52352 67692
71. 26 74581 190328 664 39309 73637 673 76930 150121
72. 26 190653 229103 589 4501 16342 669 57117 82394
73. 26 237387 271652 669 38832 55268 614 2553 22893
74. 26 373284 393759 600 22857 36522 576 4308 6393
75. 26 398913 404499 600 18968 21440 576 9624 11951
76. 26 414160 455522 657 21976 45026 559 1482 32256
77. 26 455749 491563 657 924 13169 593 943 24048
78. 26 500034 531311 556 17641 35688 593 25721 52495
79. 26 528414 538146 556 13480 20553 488 7910 12420
80. 26 635740 665231 652 35283 52717 513 3230 11551
81. 26 662785 670692 652 49588 53614 508 15053 18829
82. 26 670024 754011 652 52940 93067 638 43613 94242
83. 26 750276 760923 652 88952 97619 588 2047 6540
84. 26 763564 785483 505 1685 17377 620 48948 52451
85. 26 789352 800469 487 4801 12815 620 34960 38350
86. 26 800808 830190 520 10517 24578 583 7608 21792
87. 26 827073 851170 520 684 11551 583 2654 9464
88. 26 852566 877002 494 945 16022 615 61544 67971
89. 26 881843 956870 635 2293 45443 615 6834 59004
90. 26 965719 997000 635 45967 60948 658 103390 117853
91. 26 992785 1021714 635 57528 80720 658 93921 103854
92. 26 1007927 1031665 635 66190 86631 651 36766 39529
93. 26 1029923 1049157 635 84673 92014 651 22985 34908
94. 26 1061262 1075989 651 8154 22218 635 93073 94889
95. 26 1084326 1096390 635 96543 101131 651 3032 6974
96. 26 1100593 1125356 544 4311 15764 671 147211 153694
97. 26 1126920 1140833 613 3903 17551 545 24563 26479
98. 26 1143128 1155558 642 1010 6897 545 5197 16094
99. 26 1186495 1208122 662 6104 21762 612 12943 19726
100. 26 1208350 1238337 671 8311 20879 470 1745 9505
101. 26 1238526 1266011 562 12097 25593 539 4454 9850
102. 27 21328 46043 643 4695 20834 604 11648 19225
103. 27 116234 150492 579 31939 38156 670 57860 76512
104. 27 153927 184769 670 37016 54223 555 10397 24597
105. 27 182973 202978 670 31907 38722 676 74139 82683
106. 27 238096 274416 671 32391 58138 604 30831 43711
107. 27 273277 317202 671 57038 83751 543 760 24243
108. 27 366165 382577 678 293312 308453 660 51581 57816
109. 27 390650 397894 661 92507 96110 670 83242 86631
110. 27 398234 447259 661 64528 88839 625 27264 54474
111. 27 435248 496366 625 1646 32218 677 89527 120430
112. 27 479237 557383 677 103759 155525 616 17076 62774
113. 27 581975 613636 611 10432 27551 650 1526 20002
114. 27 614861 623688 661 14847 24697 634 26303 28225
115. 27 635052 657354 557 1975 12927 658 75177 88021
116. 27 665984 680434 658 67209 73482 585 49708 57274
117. 27 736555 778641 522 14721 27176 528 6664 30495
118. 27 800183 806727 655 1714 4626 561 9592 13430
119. 27 814427 821323 609 20389 25730 578 24618 27245
120. 27 819908 843764 609 6956 21864 578 6132 17222
121. 27 852845 873775 516 12438 22358 560 34719 42378
122. 27 879969 904275 461 510 7646 618 47274 59141
123. 27 898478 923715 618 56069 65797 497 4825 16497
124. 27 936386 960134 551 646 13283 630 82003 92349
125. 27 966449 979483 521 15816 23236 630 76865 81461
126. 27 978218 989489 521 10486 17045 631 63317 68397
127. 27 1014824 1026087 632 2679 5517 678 37778 46348
128. 27 1028242 1113975 678 46617 86711 632 5945 55691
129. 27 1109188 1157965 678 83127 108796 632 65461 92345
130. 27 1178866 1191276 671 107673 114914 589 19835 22136
131. 27 1215801 1256933 678 255782 271663 650 77076 98776
132. 27 1257389 1297055 661 112733 130901 678 229747 255618
133. 27 1347453 1364365 653 49909 62905 599 2444 6064
134. 33 31018 69805 623 11998 38628 569 5269 15326
135. 33 78593 91074 623 599 8607 631 1496 7763
136. 33 89989 136488 631 6636 28814 675 173 30478
137. 33 177603 188140 666 23815 30653 485 7161 10064
138. 33 195919 216023 676 113715 117390 607 659 18000
139. 33 210461 224393 607 12456 18993 613 32742 38761
140. 33 230541 249455 607 20778 34370 599 12155 17499
141. 33 254111 279002 607 38618 61541 670 117017 119754
142. 33 304489 336407 610 5969 14133 675 135176 148174
143. 33 321288 371908 675 119355 146033 648 4461 26450
144. 33 363666 449070 648 19359 68615 663 42653 73224
145. 33 427243 467296 648 49488 80737 548 4630 12197
146. 33 473880 501763 573 25434 36068 548 14522 23823
147. 33 530008 545474 546 23421 29845 518 11748 18035
148. 33 560456 581410 550 5797 21414 542 5772 8581
149. 33 593529 611237 604 24415 30022 644 19994 22130
150. 33 618070 643387 572 6307 16956 525 2116 12773
151. 33 643620 667094 670 90440 108685 661 101662 105139
152. 33 669559 686669 667 48342 67524 535 3453 9400
153. 33 685488 723204 667 21913 49553 512 2036 16389
154. 33 737972 750301 667 13291 18167 514 1215 6263
155. 33 748142 760654 514 3762 8865 667 4344 10271
156. 33 804246 817222 447 1354 4610 489 2852 13786
157. 33 832840 841750 504 2932 7311 618 3823 7122
158. 33 878157 910008 588 8430 36175 652 100321 115848
159. 33 964513 973963 566 1355 7148 672 2431 5935
160. 33 981280 1026544 646 42734 62885 586 2012 22148
161. 33 1030094 1042720 586 22731 27263 622 44239 48995
162. 33 1058196 1080789 600 37056 48566 646 14913 26681
163. 33 1075085 1094146 646 20441 32409 534 10938 20032
164. 33 1087759 1118469 534 938 15929 646 69241 80703
165. 33 1117879 1137756 646 80104 90697 653 1432 16792
166. 33 1156111 1178139 670 76751 82522 579 16666 31101
167. 34 57607 71365 657 100883 108781 612 63060 67207
168. 34 73195 87544 612 53934 62592 657 88163 99006
169. 34 90599 117226 671 119404 129752 589 28929 46198
170. 34 132237 148605 537 2051 12512 484 6422 12689
171. 34 160375 189572 676 38655 50684 670 1461 18230
172. 34 186536 204612 676 33211 41902 500 1996 7950
173. 34 206450 229292 645 87492 101570 675 102165 117859
174. 34 225579 247204 675 87023 104872 676 26915 30164
175. 34 248036 270819 614 30344 43726 634 1847 10135
176. 47 27701 38717 581 31235 39945 643 39066 41093
177. 47 45222 106182 644 22181 54571 558 446 29139
178. 47 93209 109777 644 40484 56844 619 36522 37951
179. 47 146633 188992 643 42116 69832 617 28727 37669
180. 47 184122 226928 643 64350 89204 617 39850 52879
181. 47 252345 282822 662 82469 100148 663 7350 15878
182. 47 298673 348356 674 49328 77648 677 71550 89072
183. 47 376554 394431 576 32512 41175 650 36765 43446
184. 47 391843 442560 650 22165 40470 590 26788 57088
185. 47 439861 477110 590 12623 29538 669 14662 30711
186. 47 478878 503182 639 20449 38723 590 695 10663
187. 47 529314 583932 657 46998 86087 672 18523 42085
188. 47 611227 625407 516 63 11950 603 50042 52733
189. 47 626415 644947 634 73603 78200 672 57668 64435
190. 47 675629 704976 527 6377 20301 609 37298 48061
191. 47 704527 718578 527 19885 25036 633 57237 64533
192. 47 742039 762283 631 71566 78585 668 28115 41573
193. 47 753763 789602 668 16267 39679 656 102495 120133
194. 47 783089 797290 656 98009 108928 555 253 2884
195. 47 801277 848603 656 61508 97731 436 530 3906
196. 47 827001 884863 656 42185 81370 529 6767 26699
197. 47 885887 919724 638 328 11078 656 23452 40068
198. 47 913245 946980 656 9895 28383 676 86047 94164
199. 47 943231 955199 656 4757 13223 555 3760 6723
200. 47 950704 970373 656 597 9610 587 39559 51600
201. 47 970849 1001659 587 19736 31220 549 4846 23511
202. 47 1051414 1085855 674 4670 22641 645 3299 17012
203. 47 1097600 1111684 621 64257 67490 645 1450 2713
204. 47 1109834 1131060 621 49378 65513 609 48521 59779
205. 47 1126237 1191472 628 5536 21466 621 8611 54137
206. 55 50558 88220 640 36549 60362 568 11608 30184
207. 55 121071 154110 581 4949 14376 616 240 7165
208. 55 171200 177454 661 110329 112535 670 120146 124017
209. 55 180008 208504 668 41793 62685 630 57637 76563
210. 55 236586 257565 476 6569 15304 570 13406 19574
211. 55 256915 278135 570 7375 14044 451 1931 6817
212. 55 263954 295538 570 3274 13110 509 12959 20499
213. 55 286058 321922 509 2291 18142 537 14435 31480
214. 55 327537 350318 671 130434 144699 544 17616 26490
215. 55 379749 402268 598 38127 47182 577 25681 37033
216. 55 402453 412051 595 16356 21901 536 14629 18955
217. 55 414783 458823 636 16210 43145 642 53663 74718
218. 55 469211 507910 605 7057 34051 602 38663 47895
219. 55 500428 537449 605 25874 48513 508 3650 11384
220. 55 528743 567400 508 5497 14690 674 27087 48543
221. 55 577146 585118 637 44911 48305 598 17133 24517
222. 55 584025 606184 598 3836 18291 645 67336 85951
223. 55 620378 634448 645 51525 57003 536 2319 9082
224. 55 648861 667849 536 9892 14062 645 33270 47491
225. 55 676383 688012 642 87536 94942 636 12500 15499
226. 55 688203 699786 636 2741 10550 642 95236 101078
227. 55 697195 730241 642 98281 114641 475 1372 11901
228. 55 733995 749038 495 942 11684 474 4721 10704
229. 55 796267 809351 620 2578 8830 530 17663 24379
230. 55 808623 853084 620 8114 29010 580 36428 55394
231. 55 855995 887124 580 13354 35931 552 7055 25074
232. 55 888748 922683 668 62873 86667 630 43954 57146
233. 55 916372 929131 668 81391 89091 548 899 3881
234. 55 927884 1003133 668 87853 133311 575 7286 42277
235. 55 1003961 1019807 645 22997 28023 581 18551 29193
236. 55 1024817 1053505 617 12555 25270 654 18168 34020
237. 55 1054213 1141842 659 21511 67857 641 15755 59837
238. 56 43543 59713 637 57472 70896 676 95289 99680
239. 56 58523 117076 676 98475 112750 637 48796 52991
240. 56 121475 139714 638 15529 19868 482 2979 12133
241. 56 145039 168039 638 21231 35352 614 57518 67274
242. 56 179568 191564 587 58191 65558 574 24677 30043
243. 56 197905 213381 678 134527 143956 502 1797 10411
244. 56 211300 245934 502 8312 15455 631 49285 63036
245. 56 224313 259387 631 38830 57461 496 7969 12323
246. 56 284859 305197 554 9950 34100 550 24734 29830
247. 56 302586 316866 554 3910 12731 420 990 3122
248. 56 348762 396327 678 326433 358724 660 1140 32237
249. 56 409746 446248 541 1325 28277 678 144454 165001
250. 56 455311 483274 574 1228 19921 480 2304 7084
251. 56 487411 510383 639 81027 99023 583 39719 45671
252. 56 513703 528234 660 113055 123693 677 1454 6974
253. 56 564385 587178 619 9650 29313 507 11015 17028
254. 56 648082 683721 672 144535 164964 591 1303 17250
255. 56 678216 695765 672 140375 148902 445 3340 6023
256. 56 693180 727458 672 117761 143056 503 7686 19677
257. 56 732202 786602 571 11139 47191 591 25830 57903
258. 56 788304 853203 585 16976 48957 658 29383 63501
259. 56 853979 893170 674 150330 173946 658 5882 27109
260. 56 907673 927709 651 96386 105763 477 1938 14321
261. 56 926843 953406 651 88169 97276 637 1413 15612
262. 56 953760 963355 637 17187 21578 651 83539 87857
263. 56 980441 1014766 618 17607 44616 501 6270 14408
264. 56 1016327 1094725 560 1589 33773 592 5155 52130
265. 56 1102271 1145090 653 82304 104489 599 29667 54887
