>Kthermotolerans$
1. 1 2 3 4 5 6 7 8 9 10 11 12 13 14 15 16 17 18 19 20 21 $
2. 22 23 24 25 26 27 28 29 30 31 32 33 34 35 36 37 38 39 40 41 42 43 $
3. 44 45 46 47 48 49 50 51 52 53 54 55 56 57 58 59 60 61 62 63 64 65 66 67 68 69 70 71 72 73 74 75 76 77 78 79 80 81 82 $
4. 83 84 85 86 87 88 89 90 91 92 93 94 95 96 97 98 99 100 101 102 103 104 105 106 107 108 109 110 111 112 113 114 115 116 117 118 119 120 121 122 123 124 125 126 127 128 129 130 131 132 133 134 135 136 137 138 $
5. 139 140 141 142 143 144 145 146 147 148 149 150 151 152 153 154 155 156 157 158 159 160 161 162 163 164 165 166 167 168 169 170 171 172 173 174 175 176 177 178 179 180 181 182 183 184 $
6. 185 186 187 188 189 190 191 192 193 194 195 196 197 198 199 200 201 202 203 204 205 206 207 208 209 210 211 212 213 214 215 216 217 218 219 220 221 222 223 224 225 226 227 228 229 230 231 232 233 234 235 236 237 238 239 240 241 242 243 $
7. 244 245 246 247 248 249 250 251 252 253 254 255 256 257 258 259 260 261 262 263 264 265 266 267 268 269 270 271 272 273 274 275 276 277 278 279 280 281 282 283 284 285 286 287 288 289 290 291 292 293 294 295 296 297 298 299 300 301 $
8. 302 303 304 305 306 307 308 309 310 311 312 313 314 315 316 317 318 319 320 321 322 323 324 325 326 327 328 329 330 331 332 333 334 335 336 337 338 339 340 341 342 343 $

>Cglabrata$
1. 161 162 163 82 -160 -327 -144 -144 -236 -235 -234 -233 -232 -231 164 250 -304 32 -70 -69 -68 -244 $
10. 265 266 -267 98 99 -223 222 -150 10 11 12 -18 -115 6 -326 132 133 -333 331 332 315 -271 -270 35 36 13 -307 -59 -58 -113 -112 111 -190 -189 -188 -270 -269 305 306 307 -13 -170 -169 -168 218 -274 -273 -272 316 100 -258 148 -339 202 203 37 -80 255 $
11. 22 49 191 23 24 214 215 73 74 199 -183 325 326 158 159 101 102 103 97 -96 95 164 -299 -298 9 125 39 -65 -64 -204 240 -187 -79 259 260 -320 -319 -318 317 -341 -96 95 8 -212 -218 -217 -216 -215 -238 -197 -98 224 -220 -119 -118 -117 -116 -249 253 34 -269 -84 322 323 -232 334 -281 169 170 -168 -167 97 -71 181 -213 300 301 $
12. -184 308 -11 53 54 55 -52 -51 -104 -103 -102 -222 -221 139 -114 -113 -92 182 -268 110 166 33 254 79 -291 226 227 30 31 -45 -198 -197 -159 179 -287 284 -47 292 165 342 343 -211 -210 -209 -208 337 -192 -191 271 252 -229 -135 -5 296 297 -225 -151 -44 238 239 -202 14 15 16 120 121 122 123 134 -236 234 -288 -287 -286 171 172 106 33 34 301 $
13. 135 136 137 138 -134 145 146 147 148 -253 230 -178 61 62 -117 -116 -115 -114 192 -57 329 -337 -3 242 -282 124 -149 340 -175 -174 -311 -196 198 -176 279 280 -279 280 -278 19 -201 -137 -174 -173 -105 -104 -23 193 194 195 -237 -143 -261 204 64 -210 -65 211 -343 289 -130 101 -293 295 17 18 19 -152 123 124 193 -285 -284 -89 -88 85 86 87 -84 12 106 107 40 41 42 43 $
2. 185 186 187 188 -243 283 -286 -285 48 -57 56 -201 -200 171 -9 298 -332 -82 -81 -336 -25 -24 -219 -154 75 4 -108 -335 $
3. -194 216 217 -167 275 276 314 315 316 67 245 246 247 248 249 -129 -128 17 250 291 -155 -21 -221 -294 -293 295 190 -142 -141 -199 -74 39 $
4. 83 -132 -131 -130 -129 -128 -127 -126 276 212 213 -181 -180 158 -7 -86 -283 243 -136 156 -267 27 28 29 -133 309 203 262 -264 278 -100 72 -153 -152 226 227 228 150 151 -27 -29 -52 94 -93 -328 -83 $
5. -21 -20 281 282 -242 3 80 -81 -161 -160 -327 94 -93 -328 -157 -156 -155 -256 -63 260 -61 178 -207 -89 -88 -87 -311 -310 -309 266 $
6. 22 49 186 90 91 224 -220 -300 -8 -7 -6 -5 296 254 255 256 257 -147 -58 119 -121 -120 122 179 -141 -334 -272 -251 -290 131 78 205 206 107 -30 31 -45 -44 319 -318 -317 -99 -208 -46 -303 -302 40 41 163 263 $
7. -43 -42 -162 -299 -275 277 214 239 240 -140 -277 -313 -219 -154 -68 -67 -66 -157 -182 92 -77 -109 -125 -325 -324 -38 -38 -37 -36 -90 -85 -268 108 109 -26 258 259 118 -149 330 -329 -153 20 -288 -205 -274 -273 312 25 321 289 290 -1 $
8. 1 2 -241 -14 308 -265 -264 -263 -262 185 50 51 145 146 59 60 -177 206 330 -314 -313 -312 335 336 200 138 209 66 257 126 175 176 91 -127 -140 -139 -184 -339 172 173 244 245 -143 -261 -63 -62 -180 142 310 -35 50 247 -28 -225 -223 294 -71 -207 $
9. 320 321 -342 -165 -237 233 -235 53 54 55 -338 -48 -47 -189 -46 -303 -302 56 -166 -110 -76 338 304 305 306 246 297 -183 72 75 4 70 -32 -10 -105 69 -16 -15 -196 -195 2 323 324 248 230 231 76 77 78 292 73 241 -322 -26 -333 -331 340 341 -177 -60 251 252 -229 -228 111 112 $


# markers coordinates
1. 1 59312 95904 7 937230 972009 8 13625 20294
2. 1 94999 104870 8 19281 23119 9 620231 625110
3. 1 105295 149654 5 197603 218279 13 398183 427099
4. 1 152482 169570 2 424411 431810 9 429791 442861
5. 1 177329 238409 6 201002 225965 12 940058 999319
6. 1 244936 254021 6 191278 196375 10 391191 397424
7. 1 251941 257478 6 189377 193596 4 221349 222174
8. 1 255982 273408 6 183385 190858 11 754675 768867
9. 1 283065 291389 11 413033 419447 2 269303 276693
10. 1 291551 310870 10 262001 269104 9 490959 500331
11. 1 314336 354954 12 88807 118295 10 269575 283750
12. 1 363572 433600 10 286973 327555 13 1239700 1282317
13. 1 435817 452146 10 916357 927418 10 599887 608292
14. 1 454908 465078 8 57283 68235 12 1131528 1137753
15. 1 467019 485327 9 539916 555597 12 1139528 1150311
16. 1 487673 515157 9 527038 538259 12 1151884 1160783
17. 1 521514 528776 3 295005 299600 13 1061770 1068665
18. 1 542323 572528 10 334536 348964 13 1069787 1086206
19. 1 562932 582102 13 1076233 1091239 13 709544 716174
20. 1 582435 595864 7 749305 756230 5 55009 61359
21. 1 596361 635408 3 349219 366862 5 35604 54580
22. 2 75377 98156 6 29705 37489 11 25117 41964
23. 2 104224 119137 13 785153 791161 11 86725 91011
24. 2 118238 136791 11 90112 103117 2 393430 399442
25. 2 136942 167779 2 373956 387465 7 887666 900093
26. 2 168159 196533 7 648943 666740 9 851234 866701
27. 2 230675 290331 4 522559 559723 4 314724 342586
28. 2 291073 306745 8 911146 919955 4 343595 350898
29. 2 306104 315457 4 350302 352706 4 560448 568502
30. 2 326073 340847 6 610882 618324 12 560846 568678
31. 2 340239 363715 12 568070 576640 6 621735 642158
32. 2 391353 413824 1 410626 424289 9 470638 488349
33. 2 427608 455239 12 1382623 1395160 12 476407 493490
34. 2 454571 464478 12 1394489 1400046 11 942861 949853
35. 2 474183 489274 10 540710 554044 8 884592 886701
36. 2 486413 552751 10 551562 596457 7 565237 591095
37. 2 554835 607777 7 524827 564474 10 1084251 1124381
38. 2 609954 618234 7 504344 510572 7 516813 524050
39. 2 628224 669409 11 463860 494746 3 512277 535849
40. 2 699412 728484 13 1310378 1330655 6 827705 841134
41. 2 729231 739206 6 843128 849691 13 1330802 1335714
42. 2 740501 779366 7 37404 60460 13 1336137 1349964
43. 2 771758 833657 13 1344157 1384451 7 14591 39386
44. 3 52014 89098 12 1036568 1059915 6 661325 676192
45. 3 84727 125141 6 650449 664771 12 579578 596184
46. 3 128670 139441 6 780118 791508 9 176743 183860
47. 3 146654 167517 12 735080 745495 9 154612 160229
48. 3 168487 189187 2 194461 215538 9 146481 154103
49. 3 200556 228544 11 42643 63162 6 41539 58971
50. 3 233983 247204 8 168840 180167 8 891140 901978
51. 3 246120 251133 8 179000 181229 12 172658 176894
52. 3 250258 270011 12 161992 173590 4 569398 577645
53. 3 272830 278062 12 135948 139099 9 107768 111280
54. 3 280513 291112 12 139739 147288 9 112055 114420
55. 3 293119 310586 9 114899 119680 12 147817 161764
56. 3 311969 316680 9 237396 241882 2 228209 231172
57. 3 321675 347108 13 331097 349230 2 216053 227815
58. 3 351697 366363 6 331850 340113 10 630978 642527
59. 3 363016 404860 10 617932 634214 8 199107 226485
60. 3 392581 412092 8 215958 231687 9 950095 952801
61. 3 416167 436591 5 440794 445412 13 217235 237735
62. 3 422344 443499 13 219813 240875 8 816990 820383
63. 3 443879 447897 5 401745 405310 8 814034 816685
64. 3 458911 493737 11 500434 523503 13 925881 941660
65. 3 486702 510763 11 495585 508714 13 946553 952685
66. 3 514317 532357 8 429542 441790 7 343363 354011
67. 3 530038 543758 7 335869 347866 3 189501 201796
68. 3 541022 581489 7 308963 339247 1 445085 460515
69. 3 581697 596310 9 518933 526099 1 433577 444401
70. 3 598854 620010 9 448237 464084 1 425058 432625
71. 3 624255 679820 8 967366 1002118 11 1127317 1159199
72. 3 682247 708173 9 409866 423145 4 426132 438157
73. 3 708532 722883 11 116832 126314 9 787552 792341
74. 3 726594 747183 11 126584 141359 3 501476 512000
75. 3 747343 759279 9 425468 428716 2 420544 423979
76. 3 759755 782530 9 711707 718086 9 256224 263828
77. 3 782703 811770 7 432932 447584 9 718481 733490
78. 3 810850 820479 9 732591 738312 6 525230 529534
79. 3 836528 867219 12 513759 528417 11 580733 592617
80. 3 877398 919029 10 1126896 1152284 5 219246 251656
81. 3 931865 938530 2 361572 366863 5 251868 254496
82. 3 942263 966465 1 104865 120042 2 354365 360640
83. 4 51882 68045 4 23693 32868 4 634224 641457
84. 4 87310 103181 13 1216701 1224765 11 969098 977090
85. 4 103352 116630 7 615498 621630 13 1184684 1191262
86. 4 115317 136428 13 1189409 1196535 4 224941 239213
87. 4 139116 170021 5 537663 558652 13 1201576 1215718
88. 4 157597 183288 5 524717 544144 13 1182052 1184443
89. 4 173650 199332 5 514301 535264 13 1173658 1178432
90. 4 200288 225718 6 73893 85160 7 592179 612073
91. 4 230632 277566 8 598643 631460 6 88454 120079
92. 4 295808 310492 7 426386 432661 12 349871 358586
93. 4 349672 385900 4 583144 614213 5 295320 307004
94. 4 391381 396993 5 291237 294588 4 579863 582834
95. 4 414739 430489 11 319329 333698 11 749181 754136
96. 4 435339 441566 11 311316 319044 11 737165 742165
97. 4 443978 452004 11 303720 310294 11 1121873 1127089
98. 4 462673 503345 10 111185 135501 11 854143 873969
99. 4 502176 514739 10 134383 137273 6 729306 743678
100. 4 515187 524945 4 418104 425376 10 1016825 1022596
101. 4 529126 554037 13 1006975 1034308 11 241338 255719
102. 4 553292 612215 11 255258 287335 12 235616 269401
103. 4 640849 655811 11 287882 301382 12 213115 217706
104. 4 655143 690575 12 182135 213789 13 752098 777851
105. 4 697828 705355 13 748504 751392 9 512839 518633
106. 4 705772 718741 12 1374165 1381906 13 1282841 1289136
107. 4 719409 740459 6 588828 605073 13 1291976 1306064
108. 4 741531 753683 7 628181 639675 2 435437 440751
109. 4 749322 762154 7 635311 645166 7 451365 458822
110. 4 768379 776555 9 251050 254048 12 440385 447687
111. 4 776870 785379 10 681641 686331 9 1073671 1077628
112. 4 783223 802022 9 1075178 1084882 10 665599 673529
113. 4 802180 834998 10 651309 665289 12 329039 345797
114. 4 833709 857787 12 312371 330334 13 308170 319822
115. 4 856900 929754 13 255200 309063 10 352904 390529
116. 4 938262 945056 11 907150 911268 13 250402 253472
117. 4 942952 959227 11 900862 907965 13 241386 251271
118. 4 958658 963138 11 899951 901326 7 706598 710267
119. 4 963412 982059 6 345084 359086 11 889559 899623
120. 4 994890 1003720 6 372239 374983 12 1163497 1169041
121. 4 1001954 1021413 12 1167086 1174681 6 362972 370358
122. 4 1023214 1044936 6 377962 393825 12 1176224 1179725
123. 4 1044169 1050321 12 1178883 1182037 13 1102767 1106280
124. 4 1050528 1081739 13 509383 533189 13 1106535 1117143
125. 4 1082204 1110741 11 420248 448486 7 462671 477126
126. 4 1134916 1163681 4 106570 122993 8 477828 495118
127. 4 1163719 1181764 8 631794 641736 4 97236 106263
128. 4 1181928 1187386 3 268568 273524 4 94612 96986
129. 4 1188206 1202295 3 255821 267885 4 92050 93895
130. 4 1201174 1234050 4 71400 92625 13 971284 986919
131. 4 1232767 1255360 4 47786 72689 6 516481 521724
132. 4 1255547 1269411 10 423298 433539 4 41436 45531
133. 4 1273059 1300452 10 435699 455792 4 357058 363040
134. 4 1318854 1389612 12 1182455 1230090 13 76881 107617
135. 4 1436806 1461661 13 26473 53538 12 937224 939430
136. 4 1457372 1473401 13 49330 59723 4 284942 288308
137. 4 1470627 1486003 13 57126 65470 13 722174 729724
138. 4 1484372 1501595 13 63827 76687 8 394311 404273
139. 5 67093 90186 12 300308 305846 8 659326 678154
140. 5 80059 116380 8 642001 671061 7 220990 235315
141. 5 138025 169383 3 450190 461520 6 459464 471395
142. 5 181119 189506 8 845036 847779 3 439306 443318
143. 5 189685 213752 13 866454 887063 8 786770 807637
144. 5 221189 257365 1 172608 206377 1 226945 263575
145. 5 258370 310737 13 117010 127094 8 182137 186539
146. 5 305592 329385 8 184473 197907 13 132330 146641
147. 5 327367 355511 13 144593 166683 6 316924 330736
148. 5 349243 363349 13 159500 168917 10 1038392 1046446
149. 5 380176 391268 7 714360 720413 13 534252 540689
150. 5 404527 438250 10 226364 261843 4 492687 509071
151. 5 437543 446973 4 508364 514225 12 1030941 1036026
152. 5 449481 460953 4 448106 461483 13 1091979 1094299
153. 5 459700 482205 4 440080 449353 7 736112 748964
154. 5 488343 497189 7 292181 299668 2 408700 414932
155. 5 497958 516744 5 364089 374980 3 311804 325790
156. 5 530814 546252 5 351240 357376 4 289675 299850
157. 5 546306 574007 5 331962 348294 7 367226 385404
158. 5 577084 594398 11 179166 187847 4 181792 198355
159. 5 599391 655573 12 652387 704913 11 188731 216290
160. 5 664317 682440 5 273462 283720 1 145388 154933
161. 5 682562 733136 1 18037 57722 5 260593 272837
162. 5 717500 755018 1 42636 70485 7 63258 70570
163. 5 766667 810522 6 852168 878704 1 85331 104028
164. 5 812397 861270 1 340501 364813 11 336673 367043
165. 5 862710 876000 9 63365 69090 12 763580 773786
166. 5 876916 889949 12 450952 468561 9 242879 250671
167. 5 913351 934125 3 69396 80435 11 1101728 1114491
168. 5 926587 948404 11 1099215 1111150 10 953621 960785
169. 5 953799 965068 11 1071625 1078084 10 946436 953072
170. 5 975831 994989 10 929926 945030 11 1087381 1093994
171. 5 1012290 1028467 12 1352229 1368082 2 253495 258152
172. 5 1031665 1039817 12 1368557 1373662 8 718943 721984
173. 5 1039413 1060030 8 721553 737137 13 743020 748398
174. 5 1061063 1080767 13 585392 603266 13 730042 741557
175. 5 1082142 1131995 13 563163 584786 8 495715 532872
176. 5 1132448 1218409 13 630670 676479 8 533744 586826
177. 5 1234550 1244628 8 236058 243129 9 946987 949287
178. 5 1249365 1264357 13 197743 216605 5 446284 453716
179. 5 1278479 1306918 6 410151 440642 12 705599 709081
180. 5 1309385 1338881 8 825191 844737 4 173338 180025
181. 5 1335840 1357099 4 166233 176382 11 1186011 1198212
182. 5 1358408 1391727 7 408842 424078 12 360022 376577
183. 5 1406256 1427042 9 394159 403722 11 162060 169974
184. 5 1450336 1463345 8 682518 695530 12 40198 42092
185. 6 61554 86250 2 45168 61944 8 151640 167569
186. 6 86725 96409 6 59518 67393 2 63903 72197
187. 6 96822 119114 11 568119 572231 2 73366 85951
188. 6 130898 161119 10 829222 845966 2 96302 112864
189. 6 225395 244186 10 774882 793583 9 166931 171944
190. 6 248890 282368 10 748336 774323 3 435373 438381
191. 6 325326 350282 12 889774 910155 11 67074 78096
192. 6 351536 371225 13 324009 329923 12 882891 888521
193. 6 379953 387518 13 1117631 1121727 13 810184 813732
194. 6 388891 409862 3 29470 36599 13 814364 828219
195. 6 412976 455408 9 577324 603598 13 829069 850558
196. 6 458025 478975 13 617997 625557 9 560169 574262
197. 6 506028 537578 11 819369 821907 12 606070 633758
198. 6 510405 544980 12 602208 632361 13 626330 630400
199. 6 559256 588672 11 141618 154897 3 480117 497988
200. 6 594001 603192 8 388457 392418 2 236029 241424
201. 6 599443 610383 2 232347 239847 13 719729 721944
202. 6 617226 630565 10 1061847 1070431 12 1126417 1129742
203. 6 627776 637696 10 1068578 1078322 4 376920 382356
204. 6 661580 672738 13 921030 925602 11 525728 533820
205. 6 701778 757000 6 541830 575037 7 776549 804190
206. 6 759621 771981 6 575499 587703 8 247359 249908
207. 6 796555 828278 5 477209 486652 8 1004900 1027069
208. 6 828282 853669 6 744275 768123 12 817664 822054
209. 6 854476 869931 8 419033 428207 12 810529 817236
210. 6 865335 876821 12 807622 815453 13 942333 945030
211. 6 874521 891582 12 793968 810026 13 955022 958915
212. 6 893564 911722 11 769801 778476 4 152033 160327
213. 6 907083 919846 4 155762 165643 11 1199934 1206017
214. 6 920547 930439 7 167536 170054 11 103486 108984
215. 6 928673 944638 11 107542 111808 11 797486 809671
216. 6 942194 967477 11 792641 799762 3 45221 61893
217. 6 967691 977978 11 783120 789843 3 62224 68512
218. 6 976482 985492 11 782350 784844 10 961496 968085
219. 6 1002844 1026102 7 272520 291757 2 400331 407298
220. 6 1039316 1048668 11 881947 888938 6 131725 138878
221. 6 1055736 1062956 3 370762 377707 12 278611 292745
222. 6 1063271 1081867 10 200829 221737 12 270033 276934
223. 6 1090990 1108425 10 187614 199970 8 942183 947986
224. 6 1111950 1121587 11 875357 881325 6 121015 127767
225. 6 1122321 1144174 12 1023487 1027637 8 921571 935815
226. 6 1149445 1161465 12 542849 550366 4 462407 465512
227. 6 1161801 1179556 4 467712 477369 12 550938 560045
228. 6 1174310 1208105 4 472577 487597 9 1046028 1064482
229. 6 1195172 1221587 9 1035489 1058296 12 926880 933567
230. 6 1222278 1242346 9 686948 699771 13 178971 187731
231. 6 1242367 1256650 1 324013 333465 9 701045 710987
232. 6 1251729 1296880 1 302938 326594 11 996303 1010889
233. 6 1297129 1306293 9 90566 92625 1 295534 302576
234. 6 1305673 1322726 1 290595 296371 12 1239169 1250064
235. 6 1325151 1348548 1 269090 290448 9 93934 104266
236. 6 1347661 1357411 1 264152 270040 12 1230393 1238776
237. 6 1357590 1369944 9 75399 83682 13 856349 862501
238. 6 1378063 1395614 12 1074420 1096501 11 809979 813049
239. 6 1394343 1441256 12 1095287 1125994 7 170682 198652
240. 6 1437309 1467317 7 194550 210882 11 534680 550349
241. 6 1468098 1516360 9 802072 833582 8 24048 55673
242. 6 1519346 1575440 5 138109 196978 13 428607 460739
243. 6 1580584 1606667 2 119648 134892 4 250405 269073
244. 7 28632 43120 1 461930 472251 8 740607 752349
245. 7 42539 83888 8 751810 777293 3 202920 219238
246. 7 78894 91938 3 213832 223767 9 358219 364824
247. 7 91956 101414 3 226767 235732 8 902895 905048
248. 7 101521 123775 9 667962 683536 3 236112 240083
249. 7 124053 136299 11 925647 932143 3 240649 254007
250. 7 138361 151929 3 300099 304296 1 378874 387066
251. 7 166538 185084 6 487684 493813 9 953159 1029775
252. 7 185220 193160 12 924096 926130 9 1030282 1034953
253. 7 197769 213140 13 170175 176896 11 932509 942407
254. 7 214898 255051 6 248281 275234 12 493841 512580
255. 7 254257 280016 6 274470 288244 10 1152662 1160797
256. 7 272176 295431 6 281010 298569 5 396810 401083
257. 7 309507 340404 6 303484 316759 8 447256 464314
258. 7 340594 358429 10 1023529 1038017 7 668453 677353
259. 7 363047 407054 11 597610 626527 7 684868 706420
260. 7 404787 445453 11 624046 646401 5 405705 434820
261. 7 446144 457123 8 808082 813058 13 887703 895236
262. 7 465707 498141 4 383316 398763 8 123328 151306
263. 7 494464 511622 8 115828 127302 6 879436 885076
264. 7 505411 529048 8 98818 122711 4 406872 410097
265. 7 527870 536352 8 97613 99903 10 19390 23733
266. 7 533755 617963 10 21048 94358 5 623237 654839
267. 7 618184 639490 4 302952 314522 10 98637 108195
268. 7 643559 660802 12 426695 439813 7 622994 627198
269. 7 661164 675770 11 960893 968584 10 853530 860210
270. 7 678358 692689 10 530428 540032 10 848348 853219
271. 7 690275 710451 10 521362 532869 12 913323 919461
272. 7 723401 736086 6 482637 486685 10 997347 1005890
273. 7 731432 771927 10 990695 1002204 7 822798 854562
274. 7 739377 804397 7 804969 853635 10 973259 993127
275. 7 813511 826723 7 121156 129410 3 136270 142399
276. 7 827019 834468 3 142575 151177 4 125834 131713
277. 7 845176 871270 7 137568 152392 7 243429 258052
278. 7 880042 893570 13 699260 706572 4 410309 415548
279. 7 892671 911620 13 681693 687554 13 690036 700279
280. 7 897703 912736 13 683660 688978 13 691398 699015
281. 7 949387 958743 11 1052591 1056518 5 80514 86371
282. 7 956495 1057076 5 83838 137465 13 461446 508861
283. 7 1057236 1075679 2 137174 150934 4 239710 248318
284. 7 1080818 1092470 12 720723 734599 13 1161812 1170199
285. 7 1092731 1142486 2 176316 191136 13 1122109 1159440
286. 7 1150007 1206243 2 154275 175709 12 1304574 1336559
287. 7 1207234 1233530 12 1292693 1303778 12 710007 719259
288. 7 1229215 1285670 12 1250713 1297674 7 758811 775835
289. 7 1310947 1322663 13 964915 971030 7 922035 927521
290. 7 1323693 1337536 6 503890 515221 7 930351 935969
291. 7 1346600 1358061 3 305020 311018 12 531918 538496
292. 7 1362363 1381120 9 750496 763521 12 759865 762494
293. 7 1407918 1415378 13 1035054 1045248 3 407265 412104
294. 7 1413504 1423683 3 403729 409343 8 955495 964630
295. 7 1424922 1451363 3 412698 433236 13 1047060 1059914
296. 7 1454815 1464086 12 999571 1010390 6 226725 228725
297. 7 1468135 1481431 9 367258 382112 12 1014256 1021956
298. 7 1495922 1519426 2 298526 308585 11 384567 393759
299. 7 1518329 1561270 11 367761 385763 7 78457 114614
300. 7 1576512 1638952 11 1216079 1264606 6 156044 182980
301. 7 1637102 1664230 11 1262741 1281027 12 1402112 1416664
302. 8 60065 94133 9 189157 215971 6 813050 816544
303. 8 90962 103074 9 188289 189894 6 799495 814027
304. 8 122337 134584 9 285637 292611 1 392922 398492
305. 8 134324 176929 9 292162 321170 10 865291 882105
306. 8 171281 223228 10 879267 912635 9 323419 352557
307. 8 219117 226873 10 907869 915799 10 609450 612270
308. 8 238367 277179 12 42659 62442 8 74843 97248
309. 8 281852 299754 5 598020 617486 4 366246 374657
310. 8 303157 347747 8 857901 884210 5 574930 597611
311. 8 356036 376874 5 562625 574713 13 605540 614760
312. 8 378344 429239 8 297272 330155 7 860266 883119
313. 8 415939 435855 8 295680 308477 7 262926 265861
314. 8 436720 479175 3 153063 174038 8 277540 295441
315. 8 475454 497407 3 170694 182799 10 513918 519347
316. 8 492106 508227 3 177284 188487 10 1010761 1016439
317. 8 508783 549532 11 681944 705146 6 694044 728454
318. 8 551263 577634 6 689331 693255 11 664264 681161
319. 8 580087 591830 6 679960 688631 11 655617 663646
320. 8 592074 609003 9 26900 34250 11 647277 655035
321. 8 605628 629506 9 32511 41067 7 902228 916813
322. 8 630668 643298 11 980068 988584 9 833793 837567
323. 8 654884 667884 11 988919 995625 9 639096 651519
324. 8 663740 691123 9 645956 667057 7 486778 503951
325. 8 690041 708327 7 477815 487911 11 170897 175987
326. 8 703865 735364 11 172341 178252 10 399703 422898
327. 8 776732 801925 5 284043 290372 1 155862 172349
328. 8 802071 818465 4 615364 625915 5 312820 323887
329. 8 833533 845168 7 729919 735797 13 364771 370457
330. 8 859362 878361 8 256682 268742 7 720895 724472
331. 8 888661 931143 9 898504 911175 10 465532 508583
332. 8 930412 946260 10 507849 512100 2 319012 330068
333. 8 952862 967500 9 885451 895441 10 460655 464562
334. 8 969133 986166 11 1027333 1039063 6 472760 481514
335. 8 1020731 1062745 8 331303 369616 2 451396 479174
336. 8 1067912 1070623 2 367614 370695 8 369916 373573
337. 8 1198255 1228129 12 863297 878506 13 372122 390294
338. 8 1243241 1272922 9 124905 144637 9 271461 282899
339. 8 1273683 1302604 10 1048132 1061423 8 698202 713490
340. 8 1309316 1322553 13 552160 559691 9 917977 925085
341. 8 1321783 1343694 9 924324 943151 11 722554 736248
342. 8 1346402 1366559 9 50356 62609 12 774846 788813
343. 8 1365702 1376652 12 788067 792187 13 959603 964633
