>Kwaltii$
0. 1 2 3 4 5 6 7 8 9 10 $
14. 11 12 13 14 15 16 17 18 19 20 21 22 23 24 25 26 27 28 29 30 31 32 33 $
23. 34 35 36 37 38 39 40 41 42 43 44 45 46 47 48 49 50 51 52 53 54 55 56 57 58 59 60 61 62 63 64 65 66 67 68 69 70 71 $
26. 72 73 74 75 76 77 78 79 80 81 82 83 84 85 86 87 88 89 90 91 92 93 94 95 $
27. 96 97 98 99 100 101 102 103 104 105 106 107 108 109 110 111 112 113 114 115 116 117 118 119 120 121 122 123 124 125 126 127 128 129 130 131 132 133 134 135 $
33. 136 137 138 139 140 141 142 143 144 145 146 147 148 149 150 151 152 153 154 155 156 157 158 159 160 161 162 163 164 165 166 167 168 169 170 171 $
34. 172 173 174 175 176 177 178 179 $
47. 180 181 182 183 184 185 186 187 188 189 190 191 192 193 194 195 196 197 198 199 200 201 202 203 204 205 206 207 208 209 $
55. 210 211 212 213 214 215 216 217 218 219 220 221 222 223 224 225 226 227 228 229 230 231 232 233 234 235 236 $
56. 237 238 239 240 241 242 243 244 245 246 247 248 249 250 251 252 253 254 255 256 257 258 259 260 261 262 263 $

>Scerevisiae$
1. 72 73 74 75 -188 $
10. 147 148 149 150 151 -132 76 31 32 -1 -33 2 62 -35 -34 163 167 168 34 165 169 170 -177 -102 -101 -100 -99 171 -107 -156 146 -213 -212 211 233 180 181 $
11. -171 99 184 185 48 148 63 -62 79 80 14 15 161 162 -83 -82 12 13 81 -31 -76 132 -151 -150 -149 232 -210 -11 $
12. 172 220 28 164 165 -166 -35 -164 191 -98 -195 196 -19 -18 -17 135 254 114 115 -40 7 139 140 141 160 -262 -261 -119 -194 38 39 6 -5 -4 241 242 251 -24 -28 189 190 -20 197 92 93 94 -49 -48 -185 -184 -183 -182 234 61 $
13. 96 153 154 103 104 96 153 -180 182 183 100 204 201 202 240 83 -162 -161 -15 -80 -79 191 192 -174 -173 -42 257 258 259 68 69 70 88 89 90 91 -216 -175 -105 -104 -103 -51 -50 95 $
14. -236 -235 -60 -245 141 142 143 144 145 146 53 157 158 159 -193 -84 36 37 54 55 -56 -117 118 -116 6 7 -8 9 69 70 71 $
15. -236 -235 -60 -245 -244 -243 -250 -133 -246 152 105 74 -75 -225 179 3 -240 239 -199 214 231 232 -36 84 -229 -206 -205 -242 -241 251 -24 85 86 87 88 89 90 91 -216 -175 -73 -72 $
16. -237 238 222 -68 -259 -258 -257 -256 -255 -113 -87 -86 -85 -127 -126 -125 -124 -123 -122 -121 -57 58 112 -21 -29 -108 -107 -156 -213 131 -43 -46 -45 -44 -47 -219 227 228 207 234 61 $
2. 108 109 211 212 -130 187 -111 -249 110 59 -59 247 248 -106 128 129 130 131 -43 -46 -45 250 -243 124 -127 -126 -125 -23 -22 -218 -2 33 1 -32 $
3. 11 136 137 138 8 9 -178 -147 -142 71 $
4. 53 157 -120 -260 -67 160 -262 -261 -260 -67 -116 41 42 173 174 -192 49 -94 -93 -246 152 -111 -249 110 247 248 -106 128 129 -26 -27 -25 252 253 254 114 115 -40 -39 -38 194 119 120 121 122 214 231 64 -155 -176 -215 -230 -229 -206 -205 -204 -203 -202 -201 -200 -199 123 244 -140 -139 -138 -137 -136 $
5. 143 -239 -238 -237 203 101 102 177 178 223 224 226 233 208 198 65 66 -109 -186 -221 -27 -26 -25 252 253 $
6. -166 -135 17 18 -19 -196 -195 57 58 112 179 3 4 10 -217 209 $
7. -209 -208 221 186 29 -21 5 41 -256 -22 113 255 23 77 -78 30 187 188 189 190 -20 144 197 92 133 -44 -47 -219 227 228 207 30 78 -77 -167 -163 168 169 170 -98 -97 134 -16 263 -52 -51 -50 95 $
8. 172 220 -82 81 -14 -200 10 -64 -63 -155 -176 -215 -230 193 -159 -158 -97 134 -145 -16 263 -52 -154 181 $
9. 210 37 54 55 56 -118 -117 -66 -65 -198 217 222 223 224 226 -218 -225 -13 -12 $


# markers coordinates
1. 0 1555 24833 10 310917 316470 2 757616 770411
2. 0 25906 38058 2 728880 736035 10 349575 353610
3. 0 42808 47365 6 169914 173869 15 292530 296121
4. 0 47690 58911 6 174257 180735 12 658828 662835
5. 0 58003 70685 12 642629 659793 7 200567 203839
6. 0 88989 97523 12 636782 641023 14 606320 614361
7. 0 102257 108769 12 506136 510234 14 618509 620980
8. 0 109806 126613 14 621315 627144 3 91324 105548
9. 0 129447 157702 3 108021 136871 14 627458 635299
10. 0 177067 183202 6 199862 203421 8 134547 139844
11. 14 9019 13365 3 6479 11082 11 658354 662927
12. 14 85593 102127 11 389883 403161 9 416121 420733
13. 14 101180 128480 11 402211 420859 9 397291 405964
14. 14 132046 141352 11 274927 280503 8 113494 115896
15. 14 137502 154273 11 277925 285852 13 401540 407583
16. 14 157293 168455 7 961364 970058 8 412910 420075
17. 14 173440 210448 12 266374 286560 6 42815 63992
18. 14 212675 235595 12 255307 265255 6 65475 77986
19. 14 233250 253911 6 78053 81910 12 251273 257856
20. 14 268358 341300 7 529268 583896 12 790676 839252
21. 14 354621 365623 7 191135 200148 16 573015 577355
22. 14 367837 475693 2 662990 717989 7 270398 323233
23. 14 476916 499606 2 645545 662244 7 385199 401290
24. 14 501060 522982 12 724723 731561 15 684031 697335
25. 14 524221 547867 4 602195 611922 5 474036 487188
26. 14 547112 590720 4 574161 602866 5 450558 472419
27. 14 581897 596703 4 574161 582496 5 439612 451238
28. 14 627452 642138 12 95565 105346 12 759482 764137
29. 14 643215 659725 7 182396 185400 16 583059 600214
30. 14 686159 697240 7 431553 437939 7 786059 787784
31. 14 715397 748818 10 268794 293976 11 461278 481624
32. 14 761723 774783 2 771235 777850 10 303176 310632
33. 14 776369 829806 2 736259 757101 10 316718 348632
34. 23 45793 60381 10 417556 424103 10 383832 390848
35. 23 58087 71880 10 378820 386144 12 172267 177415
36. 23 72876 120894 15 482035 514279 14 443400 469625
37. 23 118510 155276 14 467133 488125 9 83302 96375
38. 23 165238 178492 4 868221 893924 12 600021 604789
39. 23 183266 235810 12 605760 628199 4 832856 867519
40. 23 236011 254990 4 817947 832470 12 491868 500272
41. 23 279160 313579 7 226404 241090 4 248581 269976
42. 23 316837 376256 13 568550 605519 4 270222 296329
43. 23 378691 415927 2 452652 473920 16 681210 687595
44. 23 417181 441598 7 640724 648911 16 716154 731746
45. 23 439187 467458 16 711401 718466 2 494347 512768
46. 23 465097 503948 2 474386 496863 16 690104 709826
47. 23 504354 528128 7 656964 677569 16 744687 751917
48. 23 556081 582070 11 92749 108604 12 934412 949190
49. 23 574255 637385 12 898651 947976 4 316971 343985
50. 23 638903 658835 13 850073 856792 7 1019604 1031515
51. 23 659077 667187 7 1014327 1017765 13 845570 849808
52. 23 667407 693741 8 452872 483837 7 1004630 1010772
53. 23 700255 816425 14 210234 289069 4 26403 73919
54. 23 831183 870443 14 488387 500257 9 97395 125733
55. 23 873624 954963 9 128151 173025 14 501516 551988
56. 23 955207 965339 9 175304 180236 14 557921 560480
57. 23 968411 995930 6 107250 134291 16 512311 518758
58. 23 996522 1038964 16 525807 555726 6 145109 157746
59. 23 1045513 1058640 2 283738 291865 2 310564 314788
60. 23 1060190 1110806 14 61958 96080 15 92026 109889
61. 23 1111941 1154592 16 883824 920483 12 1053627 1058516
62. 23 1174684 1196261 10 356019 373794 11 163647 171134
63. 23 1231861 1245635 8 195544 211972 11 153274 158186
64. 23 1243047 1306811 8 178212 198278 4 1019364 1061227
65. 23 1307213 1373035 5 258736 311195 9 233054 272776
66. 23 1375073 1400352 5 314530 327027 9 212496 229991
67. 23 1404317 1417630 4 135897 141115 4 231024 238664
68. 23 1421630 1436682 13 655075 665521 16 64977 73881
69. 23 1435927 1452604 13 664751 674765 14 636988 644195
70. 23 1455232 1478742 14 644322 661376 13 675895 683563
71. 23 1484260 1607998 14 662915 712813 3 208131 287934
72. 26 40268 74430 1 31568 51708 15 1020220 1043040
73. 26 74581 229103 1 52802 118315 15 916027 1018744
74. 26 219748 258476 1 108878 131986 15 234939 254616
75. 26 258018 271652 1 130802 136635 15 259924 267530
76. 26 293129 331207 10 221386 251686 11 483062 499475
77. 26 373284 393759 7 802445 828582 7 405779 412163
78. 26 398913 404499 7 798548 801828 7 416150 418416
79. 26 414160 502441 11 179672 235431 13 442526 502733
80. 26 491687 538146 13 422502 455555 11 237180 270294
81. 26 544126 586311 8 95114 107363 11 421067 456697
82. 26 635740 670692 11 359786 378215 8 66239 83717
83. 26 670024 760923 13 291133 351972 11 316081 360460
84. 26 762369 800469 14 412773 442360 15 515245 533794
85. 26 800808 956870 15 710447 795333 16 252033 340944
86. 26 960466 994356 16 228313 251667 15 795802 808108
87. 26 992785 1021714 15 807272 830573 16 216011 228771
88. 26 1007927 1031665 15 815915 836430 13 684466 687283
89. 26 1029923 1049157 15 834451 841817 13 689082 701038
90. 26 1061262 1075989 13 701789 715444 15 842816 844629
91. 26 1078532 1125356 15 844991 866581 13 716714 731122
92. 26 1126920 1155558 7 606140 631277 12 852494 868390
93. 26 1165510 1172519 4 359825 363583 12 873745 877177
94. 26 1186495 1208122 12 882067 897672 4 344237 351037
95. 26 1208350 1290030 13 856965 902412 7 1031797 1063159
96. 27 21328 47660 13 74398 90731 13 11484 20536
97. 27 87836 106188 7 922180 938995 8 392642 396662
98. 27 92674 115405 7 915246 936886 12 239348 243350
99. 27 116234 162973 11 47158 73870 10 544055 572117
100. 27 161799 184769 10 532055 545168 13 169116 183363
101. 27 182973 202978 10 528690 533752 5 64709 73348
102. 27 207019 224559 5 73771 86149 10 524901 528469
103. 27 238096 261901 13 824728 845344 13 30611 41794
104. 27 265612 337164 13 779628 824630 13 42043 73920
105. 27 325921 344476 13 775314 789838 15 228613 231271
106. 27 366165 382577 2 373858 389211 4 548760 558058
107. 27 390650 397894 16 637376 640955 10 578853 582248
108. 27 398234 447259 2 9961 44086 16 610478 637221
109. 27 435248 557383 2 39142 116832 5 335942 404348
110. 27 572049 581530 4 458539 462513 2 255371 257973
111. 27 581975 613636 2 227639 246549 4 438044 454751
112. 27 614861 623688 16 561501 571375 6 159293 161194
113. 27 635052 680434 7 325334 352301 16 189153 213961
114. 27 695254 730032 12 413282 421395 4 755625 775779
115. 27 727810 778641 12 418438 447576 4 781420 793886
116. 27 800183 806727 14 602908 605612 4 242552 246447
117. 27 814427 821323 9 197928 203256 14 574507 578774
118. 27 819908 843764 9 183934 199400 14 584321 597540
119. 27 856702 881675 4 912095 923802 12 574153 585492
120. 27 873092 923715 4 916482 945148 4 86208 104552
121. 27 933171 957742 16 488885 509997 4 954284 963102
122. 27 958816 979483 4 963408 969676 16 464398 481898
123. 27 978218 989489 16 457115 465645 4 1417391 1422477
124. 27 990685 1015234 2 549765 567475 16 444576 453054
125. 27 1014824 1026087 16 434520 445028 2 633617 642205
126. 27 1028242 1113975 2 593501 633376 16 379117 434087
127. 27 1119221 1157965 16 348443 375166 2 571463 591454
128. 27 1194770 1205331 2 393118 405245 4 563525 567553
129. 27 1204807 1226302 2 401247 413975 4 569232 573723
130. 27 1215801 1256933 2 409163 424823 2 146190 169379
131. 27 1257389 1297055 16 657526 675628 2 424984 450650
132. 27 1301396 1334428 10 205301 218852 11 499924 516513
133. 27 1339337 1346547 7 637748 640375 15 189658 194800
134. 27 1347453 1364365 7 945148 958213 8 397254 401958
135. 27 1365378 1372406 12 286821 289251 6 36803 42565
136. 33 31018 69805 3 12386 38801 4 1490588 1500545
137. 33 73157 119365 4 1470009 1489790 3 41488 73341
138. 33 120622 132685 3 76018 82275 4 1459720 1468436
139. 33 130850 146785 4 1451345 1461546 12 511056 522014
140. 33 155700 160487 4 1447822 1450845 12 522665 524392
141. 33 159729 174570 12 523634 534395 14 110917 118809
142. 33 177603 188140 3 201170 207946 14 119268 122170
143. 33 192186 216023 14 122883 144079 5 29797 33466
144. 33 210461 224393 14 138551 145282 7 584899 590915
145. 33 230541 249455 14 146897 164321 8 407106 412409
146. 33 254111 282030 14 164624 190958 10 612409 615149
147. 33 304489 364907 10 50629 85334 3 170882 199545
148. 33 367966 449070 10 87581 133932 11 109274 145383
149. 33 437071 467296 10 122261 146041 11 559308 566840
150. 33 470745 545474 10 147098 193465 11 520539 558596
151. 33 547411 554196 10 193859 197124 11 517840 520266
152. 33 554863 581410 4 399337 416705 15 210520 226074
153. 33 586053 595238 13 92235 99400 13 20762 25801
154. 33 593529 611237 13 24038 29807 8 484028 486179
155. 33 617028 643387 4 1073731 1090076 8 220110 230698
156. 33 643620 667094 10 586061 604199 16 646445 653659
157. 33 669559 686669 14 289500 308614 4 74447 80413
158. 33 685488 785771 14 307403 380833 8 354818 391700
159. 33 796232 817222 14 392894 405566 8 341668 352456
160. 33 832840 848418 12 535216 539591 4 145827 155641
161. 33 870348 893331 13 379585 396378 11 291097 301526
162. 33 892720 910008 13 353870 380199 11 306929 312722
163. 33 921404 931939 7 845898 854900 10 393962 396587
164. 33 964513 979736 12 121321 131413 12 177607 187128
165. 33 979554 1026544 12 131204 156333 10 425151 444854
166. 33 1030094 1042720 12 156854 161433 6 20847 25198
167. 33 1058196 1080789 7 829121 840563 10 397350 409156
168. 33 1075085 1094146 10 402892 414764 7 872049 882236
169. 33 1087759 1118469 7 876674 892191 10 451013 462418
170. 33 1118595 1141977 7 894698 912817 10 464444 471664
171. 33 1156111 1178139 10 572308 578183 11 31961 46296
172. 34 44712 56065 8 21780 32754 12 39803 46264
173. 34 57607 71365 13 560365 568181 4 296820 300999
174. 34 73195 87544 4 301413 310122 13 547713 558523
175. 34 90599 129670 13 748261 758830 15 880963 907552
176. 34 132237 158682 8 230972 249643 4 1092738 1108495
177. 34 160375 210508 5 96858 120299 10 486579 517506
178. 34 206450 247204 5 116167 135234 3 137744 167995
179. 34 253364 270819 15 278057 287951 6 162482 167251
180. 47 27701 38717 10 656248 665013 13 104777 110852
181. 47 43547 106182 10 667638 705266 8 486230 516485
182. 47 146633 188992 13 111865 138944 12 1026853 1035761
183. 47 184122 255017 13 133475 165326 12 982891 1024834
184. 47 250539 265597 12 971914 988110 11 74937 78651
185. 47 267522 282822 11 78871 83555 12 963782 971692
186. 47 298673 348356 7 144814 173085 5 404809 424307
187. 47 376554 442560 7 440068 482671 2 199067 220403
188. 47 439861 477561 7 479915 498038 1 142176 159794
189. 47 478878 503182 12 764808 783387 7 498480 508368
190. 47 511615 528242 7 511549 522837 12 784913 787333
191. 47 532056 583932 12 199541 228597 13 507501 545729
192. 47 570622 592496 13 533162 547236 4 310642 316388
193. 47 597826 605794 8 338086 341362 14 406360 412055
194. 47 611227 625407 4 895031 906848 12 589356 592045
195. 47 626415 631014 6 103693 106230 12 243887 246073
196. 47 634203 661057 6 82578 97496 12 246325 250979
197. 47 662599 670645 7 599421 605505 12 841330 845729
198. 47 675629 718578 9 272949 291668 5 237569 257957
199. 47 742039 760323 4 1404437 1414266 15 368127 379562
200. 47 761399 789602 8 117809 132915 4 1386808 1404165
201. 47 789880 888880 13 202775 251516 4 1325493 1386508
202. 47 884234 919724 13 246116 258416 4 1306259 1323378
203. 47 913245 946980 5 52721 60851 4 1293361 1311667
204. 47 943231 951480 4 1292364 1296678 13 192788 195755
205. 47 950704 970373 4 1284061 1293083 15 626629 638559
206. 47 970849 1001659 15 606608 618289 4 1259893 1278429
207. 47 1013635 1042076 7 757775 777513 16 832057 859741
208. 47 1051414 1125999 7 69671 117565 5 207643 237118
209. 47 1126237 1191472 6 231999 255036 7 23935 69331
210. 55 50558 105695 9 40191 83041 11 612307 639606
211. 55 121071 161401 10 629579 640445 2 126831 137464
212. 55 163845 170296 2 141250 145731 10 620747 623006
213. 55 171200 177454 16 655137 657341 10 615569 619758
214. 55 180008 208504 15 379781 400104 4 969986 1002019
215. 55 209715 323736 8 251103 314676 4 1110586 1174170
216. 55 327537 350318 13 733544 747728 15 868339 880673
217. 55 359115 402268 9 292632 321931 6 213300 226538
218. 55 402453 412051 2 722606 728097 9 375428 379778
219. 55 414783 458823 16 753299 785667 7 678699 706505
220. 55 469211 537449 12 49937 91348 8 38813 62561
221. 55 539973 550520 7 122699 129166 5 425184 433954
222. 55 577146 585118 16 49303 52671 9 334879 343653
223. 55 584025 607641 9 342533 356892 5 138918 159117
224. 55 612247 634448 5 162722 173337 9 357412 369905
225. 55 643831 648342 15 272004 274354 9 381083 382379
226. 55 648861 667849 9 370701 374857 5 177834 191787
227. 55 676383 688012 7 717362 724768 16 786204 789321
228. 55 688203 749038 16 791214 831671 7 725053 757452
229. 55 749673 853084 15 539764 592588 4 1199175 1256839
230. 55 855995 888585 4 1176332 1198689 8 314877 334397
231. 55 888748 922683 15 400348 423733 4 1002506 1015698
232. 55 916372 1003133 15 418631 479190 11 567560 608007
233. 55 1003961 1019807 5 196947 201935 10 643484 654232
234. 55 1024817 1053505 12 1039268 1051882 16 864445 880164
235. 55 1054213 1113523 15 58759 91419 14 31943 61550
236. 55 1115684 1141842 15 44937 58538 14 18001 31377
237. 56 43543 59713 16 26611 40077 5 47168 51539
238. 56 58523 67018 5 42400 48373 16 44551 48802
239. 56 107327 121225 5 34407 41953 15 331456 338622
240. 56 127493 168039 13 267174 282584 15 301381 331052
241. 56 173155 181970 12 663286 668893 15 649304 653885
242. 56 179568 191564 15 644567 651733 12 670342 675457
243. 56 197120 213381 15 141584 154745 2 536569 545972
244. 56 211300 259387 15 116396 143696 4 1422755 1446986
245. 56 258344 273808 15 111431 117454 14 103134 110411
246. 56 284859 318590 4 369769 399126 15 194970 207176
247. 56 329971 344431 4 477794 483857 2 315575 323945
248. 56 347257 396327 4 484160 524710 2 324337 356015
249. 56 398220 404897 2 247012 251017 4 455198 458100
250. 56 409746 449748 15 155287 189414 2 515658 536090
251. 56 455311 510383 12 680202 722375 15 657265 682107
252. 56 512217 531126 4 612070 624718 5 488852 502889
253. 56 527287 603904 5 499342 550522 4 626705 667855
254. 56 605281 786602 4 669013 755063 12 294092 410194
255. 56 788304 853203 7 353061 384769 16 151514 187724
256. 56 853979 893170 7 245721 269194 16 130161 151329
257. 56 891179 953406 16 88517 132227 13 605980 635983
258. 56 953760 963355 16 82625 86950 13 636290 640603
259. 56 966614 978472 13 640914 651909 16 75699 79353
260. 56 980441 1014766 4 107209 135437 4 213352 229431
261. 56 1015021 1056304 12 562010 573920 4 176774 212047
262. 56 1061240 1101532 4 156319 176487 12 540011 561734
263. 56 1102271 1145090 7 977341 999145 8 423075 447605
