>Zrouxii$
1. 1 2 3 4 5 6 7 8 9 10 11 12 13 14 15 16 17 18 19 20 21 22 23 24 25 26 27 28 29 30 31 32 33 34 35 36 37 38 39 40 41 42 43 44 45 46 $
2. 47 48 49 50 51 52 53 54 55 56 57 58 59 60 61 62 63 64 65 66 67 68 69 70 71 72 73 74 75 76 77 78 79 80 81 82 83 84 85 86 87 88 89 90 91 92 93 94 95 96 97 98 99 100 101 $
3. 102 103 104 105 106 107 108 109 110 111 112 113 114 115 116 117 118 119 120 121 122 123 124 125 126 127 128 129 130 131 132 133 134 135 136 137 138 139 140 141 142 143 144 145 146 147 148 149 150 151 152 153 $
4. 154 155 156 157 158 159 160 161 162 163 164 165 166 167 168 169 170 171 172 173 174 175 176 177 178 179 180 181 182 183 184 185 186 187 188 189 190 191 192 193 194 195 196 197 198 199 200 201 202 203 204 205 206 207 208 $
5. 209 210 211 212 213 214 215 216 217 218 219 220 221 222 223 224 225 226 227 228 229 230 231 232 $
6. 233 234 235 236 237 238 239 240 241 242 243 244 245 246 247 248 249 250 251 252 253 254 255 256 257 258 259 260 261 262 263 264 265 266 267 268 269 270 271 272 273 274 275 276 277 278 279 280 281 282 283 284 285 286 287 $
7. 288 289 290 291 292 293 294 295 296 297 298 299 300 301 302 303 304 305 306 307 308 309 310 311 312 313 314 315 316 317 318 319 320 321 322 323 324 325 326 327 328 329 330 331 332 333 334 335 336 337 338 339 340 341 342 343 344 345 346 347 348 349 350 351 352 353 354 355 356 357 358 359 360 361 362 $

>Cglabrata$
1. 319 320 321 -233 -318 -24 -289 288 -24 -23 -22 261 262 263 290 -300 -31 269 53 54 55 56 232 $
10. -41 -341 -128 37 -38 295 -298 182 183 204 205 206 122 123 179 -251 -242 316 90 91 92 76 77 355 356 -361 144 145 -305 -304 124 331 332 -249 -267 -266 265 -103 280 281 282 283 284 145 146 -268 -248 -124 10 -35 -34 -150 -5 -4 -360 297 -195 187 188 -185 -141 -140 -139 125 -120 192 $
11. -292 -291 -133 236 322 323 -153 -152 -62 -61 -17 -16 -317 -316 -352 -351 212 -52 50 51 219 -294 -293 353 354 -31 42 43 44 -71 -70 127 279 273 274 345 40 334 285 -119 196 197 -118 -113 -112 -210 -337 -142 -272 -293 353 -240 149 150 151 152 -98 -161 -295 299 -270 -253 -252 227 190 -306 146 -84 -336 290 -300 289 -218 92 277 35 -10 -34 -33 -294 -11 222 148 -239 -238 $
12. 1 -226 103 -206 -53 -247 -246 -303 -302 -220 -219 -52 -51 -182 -101 -250 -249 -267 -237 -164 -163 -237 -211 80 100 -308 -307 191 119 198 117 -60 -234 -209 -163 -162 -161 -212 351 329 -106 174 -96 -95 -64 -30 -29 -28 -27 -26 215 -214 207 133 -144 184 75 243 244 -202 203 -154 98 99 39 140 -115 -114 -181 260 -21 -20 93 -23 -262 85 -106 -105 255 256 -308 -307 -306 -238 $
13. -75 -74 -73 -94 -93 25 186 187 -190 -189 -328 -327 -253 -252 -251 -250 -207 333 -359 214 -215 107 108 264 276 -19 -339 -338 271 -45 165 -259 -258 136 223 -158 162 36 -278 -46 7 8 -7 8 -6 -178 -3 73 -258 -257 -221 -220 -322 -236 -350 -349 -129 -340 -18 -346 -345 -274 -28 273 29 -200 -89 -63 50 -14 -180 -179 -178 116 -20 -19 -339 -175 -174 166 167 -170 -169 -168 -122 123 -235 -177 -176 -104 $
2. -287 -286 -285 -284 -281 -109 173 -105 -175 97 333 143 -3 -2 255 71 -44 -357 -356 233 -121 216 -324 -323 134 13 -78 217 $
3. 350 -151 -33 -32 159 -296 -361 -360 -57 -231 -230 -229 -228 -227 -88 -180 198 -312 -208 -15 -14 -282 347 348 17 61 127 279 280 $
4. 102 -90 -89 -88 -87 -86 69 159 -149 -148 -147 -352 -354 241 169 -173 109 74 313 -38 81 82 83 -91 -225 -139 -138 -344 342 6 -297 12 135 116 117 -60 -59 -204 -203 -81 -83 -303 311 -362 47 -102 $
5. -208 -132 -277 -276 -264 -108 -107 120 -121 -319 -318 311 -362 47 48 49 -313 -312 193 326 197 -118 328 -32 254 -9 166 167 168 136 223 224 225 -341 -128 37 $
6. -292 -291 -286 171 172 299 239 240 241 242 243 191 192 193 194 -186 332 270 -260 -21 329 348 218 199 -66 65 -111 -110 -235 234 -209 -154 112 -210 142 337 -26 -72 275 130 -131 -177 321 -343 $
7. 104 176 -320 41 42 43 160 -153 99 39 40 334 -309 -160 314 134 56 57 58 48 49 164 67 -79 70 -317 -310 335 -126 -126 -125 304 -171 170 -211 78 79 -137 -325 195 196 -338 -358 359 135 132 85 111 -5 -4 -315 324 -201 -200 -199 -155 $
8. 155 156 157 115 -226 342 343 344 138 -287 301 302 25 -331 -330 -110 -358 -357 296 314 315 -217 -216 2 -94 27 -58 194 -69 86 259 -165 45 46 278 -36 172 -87 -309 101 1 188 -185 -141 256 257 -232 -231 -340 -18 326 327 -147 -347 -346 -224 305 301 -229 -82 -202 -298 -183 15 -11 222 254 -9 $
9. 113 -201 30 -129 -263 -22 261 -247 -246 -245 213 -97 -96 -95 283 -72 275 130 131 143 -100 -80 68 -213 245 -269 -268 -248 -230 244 -16 12 13 -54 -205 -221 -55 181 114 -158 349 156 -336 -335 310 -228 -189 -68 -67 -66 -65 -64 -63 -62 -157 84 -137 -325 -288 76 -355 -77 271 272 330 184 59 265 266 $


# markers coordinates
1. 1 27895 41915 8 682518 695530 12 40198 42092
2. 1 53612 66078 8 385778 392418 2 236029 241424
3. 1 62129 70144 2 234125 239847 13 719729 721944
4. 1 72981 114958 10 990695 1002204 7 822798 854562
5. 1 87135 136205 7 804969 853635 10 973259 993127
6. 1 159749 170582 13 699260 706572 4 410309 415548
7. 1 169587 185455 13 681693 687554 13 690036 700279
8. 1 173407 186598 13 683660 688978 13 691398 699015
9. 1 194777 218489 5 485522 504324 8 1021457 1028632
10. 1 225436 243149 11 1087381 1093994 10 929926 945030
11. 1 245136 277560 11 1127317 1151705 8 967366 986919
12. 1 280162 302737 9 409866 424704 4 426132 438157
13. 1 301709 342860 9 423658 447637 2 417273 434227
14. 1 343452 386655 3 407265 433236 13 1035054 1059914
15. 1 384421 394848 3 403729 409343 8 955495 964630
16. 1 395608 418198 9 394159 409321 11 162060 169974
17. 1 418443 440329 3 467626 489110 11 150099 161375
18. 1 443422 461717 8 804418 813058 13 882940 895236
19. 1 464812 470460 13 1106535 1108079 13 509383 514259
20. 1 470581 477816 12 1178883 1182037 13 1101519 1106280
21. 1 476965 498471 12 1176224 1179725 6 375906 393825
22. 1 502230 508054 9 93934 99370 1 269090 272874
23. 1 507164 519669 1 264152 270040 12 1230393 1238776
24. 1 520491 550488 1 172608 206377 1 226945 263575
25. 1 550964 566908 13 117010 127094 8 182137 186539
26. 1 580129 605009 6 744275 768123 12 817664 822054
27. 1 605660 620847 8 419033 428207 12 810529 817236
28. 1 615902 627747 12 807622 815453 13 942333 945030
29. 1 625564 650048 12 786578 810026 13 955022 964633
30. 1 647965 683711 12 763580 788813 9 50356 69090
31. 1 684534 736831 11 336673 367043 1 340501 365696
32. 1 752252 784027 5 457385 476663 3 72387 121681
33. 1 774455 789785 3 69396 119954 11 1112191 1114491
34. 1 791893 808851 11 1099215 1108107 10 953621 960785
35. 1 814329 825357 11 1071625 1078084 10 946436 953072
36. 1 843877 851625 13 630670 637047 8 585256 586826
37. 1 852296 861005 5 647086 654839 10 92049 94358
38. 1 861234 896123 4 300025 314522 10 94620 108195
39. 1 923141 941347 12 1115895 1125994 7 186276 198652
40. 1 937496 956263 7 194550 207851 11 534680 543171
41. 1 967785 978924 7 75218 84360 10 12254 17376
42. 1 974279 1009950 7 78457 110589 11 367761 382255
43. 1 1009687 1015751 11 381995 385763 7 112898 114614
44. 1 1014651 1024135 11 384567 393759 2 301443 308585
45. 1 1025863 1037195 13 563163 571552 8 523211 532872
46. 1 1037584 1070792 13 657290 676479 8 533744 558378
47. 2 27528 61791 5 315140 330934 4 616117 632859
48. 2 60190 74432 5 329297 337568 7 360146 364930
49. 2 68798 91647 5 331962 348294 7 367226 382389
50. 2 93637 119568 13 1006975 1034308 11 241338 255719
51. 2 118805 173285 11 255258 287335 12 235616 269401
52. 2 182793 190168 12 230757 234998 11 230312 233572
53. 2 199474 215899 1 404063 411423 12 122716 130355
54. 2 215063 255475 1 410626 432625 9 448237 488349
55. 2 259230 278859 9 518933 526099 1 433577 444401
56. 2 278985 316878 7 308963 339247 1 445085 460515
57. 2 314249 328789 7 335869 347866 3 189501 201796
58. 2 326699 344430 7 343363 354011 8 429542 441790
59. 2 345085 368367 9 1053030 1064482 4 472577 487597
60. 2 363742 377770 4 469027 477369 12 550938 560045
61. 2 383089 420328 3 492512 512000 11 126584 149229
62. 2 423794 444368 9 783133 792341 11 112575 126314
63. 2 445200 466337 13 987540 998997 9 764170 783041
64. 2 470712 487419 12 759865 762494 9 750496 763521
65. 2 483249 499180 9 740473 755143 6 529892 532601
66. 2 500661 510814 9 732591 738312 6 525230 529534
67. 2 509906 532883 9 718481 733490 7 432932 447584
68. 2 533122 550016 9 256224 263828 9 711707 718086
69. 2 558649 572978 4 117147 125320 8 474182 478913
70. 2 583127 613626 7 462671 477126 11 420248 444591
71. 2 610538 634705 11 397602 423104 2 262590 299725
72. 2 635368 649370 6 781219 795550 9 176743 183860
73. 2 652058 666126 13 57126 65470 13 722174 729724
74. 2 664054 676995 13 49330 58961 4 284942 288308
75. 2 672733 697842 13 26473 53538 12 937224 939430
76. 2 698409 715279 9 885451 897977 10 460655 464562
77. 2 721019 734936 9 906191 911175 10 465532 477782
78. 2 737365 749885 7 628181 639675 2 435437 440751
79. 2 745515 757642 7 635311 645166 7 451365 458822
80. 2 764405 772036 9 251050 254048 12 440385 447687
81. 2 781421 839711 4 522559 559723 4 314724 342586
82. 2 840299 859176 8 911146 919955 4 343595 350898
83. 2 858531 865900 4 350302 352706 4 560448 568502
84. 2 884232 902532 9 833793 843228 11 977846 988584
85. 2 905776 959624 12 1250713 1297674 7 758811 775835
86. 2 966138 987752 8 479837 495118 4 106570 115802
87. 2 987962 1004034 8 631794 641736 4 97236 106263
88. 2 1004196 1024644 3 255821 273524 4 92050 96986
89. 2 1024099 1053626 4 71400 92625 13 971284 986919
90. 2 1055164 1086134 4 41436 70649 10 423298 433539
91. 2 1090593 1109596 10 435699 449728 4 357058 363040
92. 2 1110636 1123079 11 1046127 1048711 10 450562 460413
93. 2 1134360 1195857 12 1182455 1230090 13 76881 107617
94. 2 1196539 1218466 8 398544 413093 13 68018 76687
95. 2 1221022 1233741 12 744800 755529 9 160546 165565
96. 2 1233061 1245684 12 735080 745495 9 154612 160229
97. 2 1246428 1260233 2 194461 205617 9 146481 154103
98. 2 1274684 1281522 12 1092916 1096501 11 809979 813049
99. 2 1280287 1307162 12 1095287 1114577 7 170682 184133
100. 2 1308101 1327606 12 450952 475686 9 242879 250671
101. 2 1334967 1358575 8 659326 678154 12 300308 305846
102. 3 25627 36062 4 23693 32868 4 634224 641457
103. 3 39312 50210 10 695093 705907 12 77798 83050
104. 3 78422 100898 13 1370295 1384451 7 14591 19724
105. 3 103175 148564 12 1304574 1336559 2 154275 170844
106. 3 149022 162273 12 715056 719259 12 1300023 1303778
107. 3 163475 189626 5 209557 216734 13 403738 425630
108. 3 190557 256547 5 138109 208575 13 426518 460739
109. 3 256701 289425 2 119648 136705 4 248731 269073
110. 3 301873 314472 8 247359 249908 6 575499 587703
111. 3 317138 376900 6 536171 575037 7 776549 804190
112. 3 378230 389440 6 679960 688631 11 655617 663646
113. 3 389805 401967 9 26900 32921 11 647277 655035
114. 3 415683 429283 9 543158 555597 12 1139528 1145230
115. 3 431389 444575 8 57283 69547 12 1131528 1137753
116. 3 469220 472321 4 453500 456837 13 1091979 1094299
117. 3 475283 495555 12 539203 550366 4 457938 468680
118. 3 496188 514647 5 418090 428360 11 635324 646401
119. 3 515264 538476 11 580733 596410 12 517372 528417
120. 3 541070 589017 10 1126896 1152284 5 219246 251656
121. 3 600676 606690 2 361572 366863 5 251868 254496
122. 3 619866 626455 13 1234192 1236971 10 283904 288319
123. 3 623406 690375 10 285162 327555 13 1239700 1275807
124. 3 695401 719416 10 907869 927418 10 597098 612270
125. 3 728087 774657 10 1088473 1124381 7 524827 560227
126. 3 777453 786076 7 504344 510572 7 516813 524050
127. 3 800873 822353 11 463860 479117 3 512277 530836
128. 3 823644 858771 10 59501 91624 5 634890 646546
129. 3 861388 882660 13 856349 868745 9 75399 86510
130. 3 884402 918240 6 803610 814027 9 189157 215971
131. 3 893960 932668 9 190099 233598 6 823014 827500
132. 3 933952 945028 7 750667 756230 5 55009 61359
133. 3 946320 968194 11 69112 78096 12 889774 905289
134. 3 968549 1000057 7 272520 299668 2 400331 414932
135. 3 1006220 1028692 7 736112 748964 4 440080 449353
136. 3 1054258 1066079 13 605540 610536 5 562625 568968
137. 3 1071540 1081664 9 856941 862229 7 649676 654152
138. 3 1082770 1098178 8 138944 151306 4 382689 392123
139. 3 1101220 1110082 10 1068578 1078322 4 376920 382356
140. 3 1107221 1119390 10 1061847 1070431 12 1126417 1129742
141. 3 1114380 1131161 10 1058824 1067086 8 706436 716766
142. 3 1134640 1152928 6 705576 724543 11 698857 708222
143. 3 1154196 1159116 9 237396 241882 2 228209 231172
144. 3 1177152 1197094 10 520083 532869 12 913323 920552
145. 3 1194617 1208919 10 530428 540032 10 848348 853219
146. 3 1209452 1224150 11 960893 968584 10 853530 860210
147. 3 1224660 1249132 8 825191 844737 4 173338 180025
148. 3 1246070 1278953 4 155762 176382 11 1186011 1206017
149. 3 1274651 1307530 4 133799 160327 11 769801 782054
150. 3 1310048 1319341 11 782350 784844 10 961496 968085
151. 3 1318031 1354396 11 783120 799762 3 45221 68512
152. 3 1352024 1368587 11 797486 809671 11 107542 111808
153. 3 1367104 1382813 11 103486 108984 7 158546 170054
154. 4 37639 59237 12 1046657 1059915 6 665038 676192
155. 4 60373 92996 7 937230 969161 8 13625 20294
156. 4 91956 101844 8 19281 23119 9 620231 627233
157. 4 102096 155147 9 800170 833582 8 24048 56736
158. 4 163231 177982 13 617997 625557 9 565844 574262
159. 4 187845 195751 3 142575 151177 4 125834 131713
160. 4 202822 229688 7 135200 148561 7 243429 258052
161. 4 259753 285980 11 819369 821907 12 606070 633758
162. 4 262441 293660 12 602208 632361 13 626330 630400
163. 4 293826 309703 12 370778 384464 12 596534 601578
164. 4 304207 316468 12 367003 376577 7 408842 414764
165. 4 317703 335227 8 506003 520658 13 572309 575952
166. 4 343217 368877 5 514301 535264 13 1173658 1178432
167. 4 358976 379180 5 524717 544144 13 1182052 1184443
168. 4 372200 391610 5 537663 555472 13 1201576 1215718
169. 4 392243 409201 4 224941 239213 13 1189409 1196535
170. 4 407609 421096 13 1184684 1191262 7 615498 621630
171. 4 430819 448592 7 592179 605629 6 79324 85160
172. 4 453024 495075 8 598643 628883 6 88454 116486
173. 4 498219 518754 2 137174 150934 4 239710 248318
174. 4 524435 538309 12 720723 734599 13 1161812 1170199
175. 4 538491 586641 2 176316 191136 13 1122109 1159440
176. 4 594831 651565 7 26046 60460 13 1336137 1369966
177. 4 651778 689122 6 827705 849691 13 1310378 1335714
178. 4 692171 711601 13 709544 716174 13 1076233 1091239
179. 4 702839 732390 13 1069787 1086206 10 334536 348964
180. 4 743306 750452 3 295005 299600 13 1061770 1068665
181. 4 754340 778812 12 1151884 1160783 9 527038 538259
182. 4 792744 811955 10 200829 221737 12 270033 276934
183. 4 808223 819640 10 217645 223485 8 948066 954813
184. 4 825339 851901 12 924096 933567 9 1030282 1046987
185. 4 852141 859137 8 699630 704426 10 1055802 1058405
186. 4 860458 886171 6 316924 330736 13 147015 166683
187. 4 880439 894282 13 159500 168917 10 1038392 1046446
188. 4 889961 908351 10 1041784 1054949 8 696225 699338
189. 4 937064 962149 13 175916 187731 9 683898 699771
190. 4 961163 976690 13 170175 176896 11 932509 942407
191. 4 977141 1026027 6 248281 275234 12 493841 512580
192. 4 1025329 1039499 6 274470 283517 10 1152662 1160797
193. 4 1037070 1058166 6 281010 298569 5 396810 401083
194. 4 1073053 1099121 6 303484 316759 8 447256 464314
195. 4 1099413 1117746 10 1023529 1038017 7 668453 677353
196. 4 1131179 1174062 11 597610 626527 7 684868 706420
197. 4 1171732 1187744 11 624046 635204 5 405705 417189
198. 4 1191418 1208251 12 528957 538496 3 305020 309744
199. 4 1215124 1230349 6 503890 515221 7 930351 935969
200. 4 1231299 1241987 13 964915 971030 7 922035 927521
201. 4 1242143 1267685 9 33501 49980 7 902228 921407
202. 4 1268414 1286165 12 1023487 1027637 8 921571 935815
203. 4 1286957 1298113 4 508364 518767 12 1030941 1036026
204. 4 1297409 1333692 4 492687 509071 10 223820 261843
205. 4 1321497 1352722 10 236641 269104 9 490959 506502
206. 4 1357223 1399144 12 85126 118295 10 269575 283750
207. 4 1411899 1419208 12 882891 888521 13 324009 329923
208. 4 1420126 1465410 5 34344 54580 3 337923 366862
209. 5 43920 114142 6 621735 664771 12 568070 596184
210. 5 124257 146066 6 689331 693255 11 668252 681161
211. 5 148958 163944 12 426695 439813 7 622994 627198
212. 5 178826 208821 11 203760 226795 12 638173 661854
213. 5 225906 253867 9 271461 280867 9 124905 144637
214. 5 270926 300019 13 372122 390294 12 863297 878506
215. 5 304608 324035 12 847607 861443 13 393154 397505
216. 5 326162 329432 8 369916 373573 2 367614 370695
217. 5 335131 386550 2 451396 479174 8 331303 369616
218. 5 419461 434438 6 472760 481514 11 1027333 1039063
219. 5 449379 458569 12 213115 217706 11 293765 301382
220. 5 457871 494323 12 182135 213789 13 752098 777851
221. 5 496299 504231 13 748504 751392 9 512839 518633
222. 5 515664 531153 8 996157 1004483 11 1156224 1168163
223. 5 531316 538909 5 569265 574713 13 610837 614760
224. 5 546524 591801 5 574930 597611 8 857901 884210
225. 5 592487 610605 4 366246 374657 5 598020 617486
226. 5 614363 651127 8 74843 97248 12 42659 62442
227. 5 673465 686586 3 240649 254007 11 925647 932143
228. 5 686734 705790 9 667962 683536 3 236112 240083
229. 5 705988 716491 8 902895 905048 3 226767 235732
230. 5 716557 731187 9 358219 364824 3 213832 223767
231. 5 725543 767438 3 202920 219238 8 751810 777293
232. 5 766929 785757 8 740607 752349 1 461930 472251
233. 6 33389 51231 1 106866 120042 2 354365 360640
234. 6 54556 64151 12 560846 566905 6 611537 618324
235. 6 66729 92799 13 1291976 1309018 6 588828 605073
236. 6 122337 137055 13 786678 794111 11 81263 88218
237. 6 145921 162958 12 349871 355885 12 414375 424460
238. 6 180280 206275 11 1262741 1282797 12 1402112 1416664
239. 6 204383 287238 11 1207824 1264606 6 156044 182980
240. 6 288271 303128 11 754675 768867 6 183385 190858
241. 6 301644 306522 6 189377 193596 4 221349 222174
242. 6 304940 314177 6 191278 196375 10 391191 397424
243. 6 318190 401429 6 201002 228725 12 940058 1010390
244. 6 408394 418010 9 367258 380153 12 1014256 1021956
245. 6 418416 424170 9 281913 285239 9 117899 123460
246. 6 422386 439393 9 114899 119680 12 147817 161764
247. 6 441286 461502 9 107768 114420 12 135948 147288
248. 6 463405 501810 10 879267 907293 9 321853 345427
249. 6 502106 514613 10 651309 656890 12 329039 332939
250. 6 513327 540011 12 312371 330334 13 308170 319822
251. 6 539115 611988 13 254024 309063 10 349217 390529
252. 6 612245 618133 11 907150 911268 13 250402 253472
253. 6 615925 632362 11 900862 907965 13 241386 251271
254. 6 633692 651402 5 478863 485002 8 1007564 1021343
255. 6 660119 678757 12 1352229 1368082 2 253495 258152
256. 6 680894 688756 12 1368557 1373662 8 718943 721984
257. 6 688388 703626 8 721553 737137 13 743020 748398
258. 6 704371 740883 13 580648 603266 13 730042 741557
259. 6 733616 751558 13 577097 586672 8 501094 505685
260. 6 758697 775760 6 364329 374983 12 1163497 1173724
261. 6 775871 798419 1 276915 291704 9 99925 107614
262. 6 797169 813540 1 290595 296371 12 1239169 1250064
263. 6 812835 821184 1 295534 302576 9 90566 92625
264. 6 826246 865548 13 461446 483702 5 111051 134679
265. 6 866249 874096 10 681641 686331 9 1073671 1077628
266. 6 871970 887855 9 1075178 1084882 10 665599 673529
267. 6 887958 907813 12 334192 345797 10 657226 665289
268. 6 908737 947001 9 292162 321170 10 865291 878783
269. 6 946636 958327 9 285637 292611 1 392922 398492
270. 6 964265 979942 11 889559 898770 6 348058 359086
271. 6 997873 1011954 13 552160 559691 9 917977 925085
272. 6 1010853 1037233 9 923833 949287 11 718797 736248
273. 6 1059094 1077155 13 947542 952685 11 495585 508714
274. 6 1070012 1106035 11 500434 521304 13 926244 941660
275. 6 1114200 1121669 9 184878 188672 6 796793 801886
276. 6 1124807 1173184 5 83838 110415 13 483972 508861
277. 6 1170864 1180689 5 80514 86371 11 1052591 1056518
278. 6 1202443 1235638 13 637479 655506 8 559430 584999
279. 6 1236488 1253612 11 479758 494746 3 530985 535849
280. 6 1253860 1298014 10 706716 747830 3 536419 541559
281. 6 1293284 1306794 10 743067 753592 2 112831 114279
282. 6 1306798 1329480 10 754822 774323 3 435373 438381
283. 6 1334261 1353407 10 774882 793583 9 166931 171944
284. 6 1419910 1445090 10 829222 845966 2 96302 112864
285. 6 1454371 1473238 2 73366 85951 11 568119 572231
286. 6 1473727 1483173 2 63903 72197 6 59518 67393
287. 6 1483368 1506359 2 45168 61944 8 151640 167569
288. 7 48668 64982 9 867666 878417 1 218655 226444
289. 7 74957 91599 11 1011380 1023103 1 206981 213901
290. 7 123893 136084 11 998144 1004314 1 306353 313334
291. 7 141651 176529 6 38589 58971 11 34290 63162
292. 7 169369 187553 11 25117 41964 6 31114 37489
293. 7 190261 196577 11 311316 319044 11 737165 742165
294. 7 200939 217736 11 1115569 1127089 11 301825 310294
295. 7 222200 267064 10 111185 135501 11 854143 873969
296. 7 271038 287969 3 156930 166932 8 279887 285382
297. 7 296534 307433 4 417103 425376 10 1016825 1022596
298. 7 307633 328720 8 942183 947986 10 187614 199970
299. 7 331742 343077 11 875357 882996 6 121015 135475
300. 7 350070 358784 1 313662 319910 11 1004753 1009332
301. 7 359309 367448 8 174644 180167 8 895722 901978
302. 7 366337 371029 8 179000 181229 12 172658 176894
303. 7 370067 387135 12 161992 173590 4 571551 577645
304. 7 394534 452092 7 565237 591095 10 551562 596457
305. 7 449741 463731 10 540710 554044 8 884592 886701
306. 7 485315 494749 12 1394489 1400046 11 942861 948609
307. 7 494072 503569 12 1393531 1395160 12 484823 493490
308. 7 505987 517573 12 476407 484447 12 1382623 1393190
309. 7 518731 540923 7 218003 229958 8 642001 651491
310. 7 542611 556491 7 486778 496586 9 655806 667057
311. 7 562168 580774 4 578612 588725 5 291237 302338
312. 7 593385 634129 5 357552 391189 3 311804 333745
313. 7 636468 653236 5 349598 357376 4 289675 298907
314. 7 666343 682986 7 262926 265861 8 295680 308477
315. 7 670807 714661 8 297272 330155 7 860266 883119
316. 7 715926 730165 10 415482 422898 11 172341 177375
317. 7 726070 737895 11 170897 175987 7 477815 485923
318. 7 740111 779112 1 145388 172349 5 273462 288878
319. 7 779383 829696 1 18037 57722 5 260593 272837
320. 7 815992 852027 1 42636 70485 7 61223 70570
321. 7 852624 906842 6 850744 878704 1 77746 104028
322. 7 909992 914534 11 88542 91011 13 785153 786204
323. 7 913680 928904 11 90112 100327 2 393430 399442
324. 7 934447 960925 2 376266 387465 7 887666 900093
325. 7 961357 976111 7 654936 666740 9 862629 866701
326. 7 979664 983386 8 814034 816685 5 401745 405310
327. 7 983564 994966 13 232780 240875 8 816990 820383
328. 7 989838 1021629 13 197743 237735 5 440794 453716
329. 7 1035290 1060478 6 410151 435769 12 705599 709081
330. 7 1061335 1078225 8 215958 231687 9 950095 952801
331. 7 1067928 1103898 8 199107 226485 10 617932 634214
332. 7 1100491 1123541 10 630978 650640 6 331850 343438
333. 7 1123672 1148226 2 216053 227815 13 331097 349230
334. 7 1153270 1164477 11 543605 552314 7 208231 214417
335. 7 1176171 1189542 9 645956 654848 7 497360 503951
336. 7 1185450 1195970 9 644156 651519 11 990287 995625
337. 7 1196723 1206939 11 687697 698015 6 724949 727572
338. 7 1262430 1274865 7 714360 720413 13 532872 540689
339. 7 1268611 1295927 13 514847 539520 13 1108462 1117143
340. 7 1296083 1310980 13 869007 882508 8 792971 796216
341. 7 1311975 1345064 10 21048 59113 5 623237 629079
342. 7 1349497 1373202 8 98818 122711 4 406872 410097
343. 7 1366817 1385561 8 115828 127302 6 879436 885076
344. 7 1381740 1399949 8 123328 137951 4 392433 398763
345. 7 1417239 1428904 13 921030 926156 11 521914 533820
346. 7 1432857 1455123 13 896312 918188 8 851585 857344
347. 7 1456443 1462624 3 439306 443318 8 845036 847779
348. 7 1462850 1493431 6 442206 471395 3 443733 460847
349. 7 1498154 1536776 9 577324 603598 13 829069 850558
350. 7 1539699 1562237 13 814364 828219 3 29470 36599
351. 7 1563386 1597681 11 188731 203016 12 662250 704913
352. 7 1604118 1622901 4 181792 198355 11 179166 187847
353. 7 1652252 1664695 11 319329 333698 11 749181 754136
354. 7 1662136 1685020 11 329108 336357 4 201005 220477
355. 7 1686000 1712151 10 478312 508583 9 898504 906106
356. 7 1711417 1726193 10 507849 512100 2 319012 330068
357. 7 1721609 1739614 2 316192 324521 8 263305 271477
358. 7 1734628 1750900 8 256682 268742 7 720895 724472
359. 7 1759361 1769972 13 364771 370457 7 729919 735797
360. 7 1780585 1795557 10 1010761 1016439 3 177284 188487
361. 7 1790034 1811045 3 170694 182799 10 513918 519347
362. 7 1819436 1837770 4 592585 607440 5 303072 312086
