>Skluyveri$
1. 1 2 3 4 5 6 7 8 9 10 11 12 13 14 15 16 17 18 19 20 21 22 23 24 $
2. 25 26 27 28 29 30 31 32 33 34 35 36 37 38 39 40 41 42 43 44 45 46 47 48 49 50 51 52 53 54 55 56 57 58 59 $
3. 60 61 62 63 64 65 66 67 68 69 70 71 72 73 74 75 76 77 78 79 80 81 $
4. 82 83 84 85 86 87 88 89 90 91 92 93 94 95 96 97 98 99 100 101 102 103 104 105 106 107 108 109 110 111 112 113 114 115 $
5. 116 117 118 119 120 121 122 123 124 125 126 127 128 129 130 131 132 133 134 135 136 137 138 139 140 141 142 143 144 145 146 147 148 149 150 151 152 153 154 155 156 157 $
6. 158 159 160 161 162 163 164 165 166 167 168 169 170 171 172 173 174 175 176 177 178 179 180 181 182 183 184 185 186 187 188 189 190 191 $
7. 192 193 194 195 196 197 198 199 200 201 202 203 204 205 206 207 208 209 210 211 212 213 214 215 216 217 218 219 220 221 222 223 224 225 226 227 228 229 230 231 232 233 234 235 236 237 238 $
8. 239 240 241 242 243 244 245 246 247 248 249 250 251 252 253 254 255 256 257 258 259 260 261 262 263 264 265 266 267 268 269 270 271 272 273 274 275 276 277 278 279 280 281 282 283 284 285 286 287 288 289 290 291 292 293 294 295 296 297 298 299 300 301 302 303 304 305 306 307 308 309 $

>Kpolysporus$
1000. -59 -235 $
1001. -234 -233 -232 -231 $
1002. -230 -23 -22 6 7 8 9 10 11 293 294 -141 -140 $
1003. -139 -138 $
1004. -222 207 208 -218 $
1005. -217 -216 $
1006. 170 43 $
1007. -294 -270 $
1008. 190 103 $
1009. -18 -16 -15 175 $
1010. -37 -36 -35 -187 227 228 229 -246 -67 $
1011. -27 $
1012. 107 -255 $
1013. -254 -253 55 56 -109 -191 -190 -189 -188 $
1014. -233 102 80 81 153 $
1015. 154 -192 $
1016. -198 92 93 94 $
1017. 162 $
1018. 4 5 -21 -20 122 209 210 -193 185 186 103 -169 -168 -48 -128 -127 165 111 24 $
1019. 58 236 -181 -180 $
1020. -179 75 76 77 78 79 141 142 $
1023. 25 -120 -131 217 218 -209 -208 -207 165 $
1024. -235 278 279 280 263 264 $
1025. 290 -131 129 130 -47 -301 -300 -299 $
1026. -298 -297 -296 302 303 $
1027. 146 96 $
1028. 1 2 3 4 -239 241 -189 -188 -34 $
1029. -143 -142 $
1030. 277 278 279 -35 -34 -184 -183 $
1031. 197 -65 -92 304 305 -273 -272 -271 -270 -269 -268 $
1032. 118 119 -69 -292 -291 -290 -289 299 -297 134 135 -221 -220 $
1033. -219 175 -286 -9 29 -127 $
1035. -19 -97 95 147 -26 $
1036. 91 -72 74 -73 -10 -285 -284 -283 -282 -281 -280 $
1037. 66 67 -120 -119 121 74 -91 $
1038. -81 $
1039. -80 -140 -139 -44 -43 -147 -146 164 $
1040. -53 -52 -51 -50 -49 $
1041. 148 149 150 132 133 -296 302 $
1042. 121 -19 33 124 $
1043. 125 135 136 137 138 -277 -276 155 156 157 $
1044. -49 -307 -306 -149 -37 $
1045. -36 -186 66 -73 -118 -117 $
1046. 132 $
1048. -145 259 260 261 262 263 -101 -100 $
1049. 115 -309 $
1050. 102 -161 228 229 -246 -245 -164 -163 191 $
1051. 298 -215 219 220 $
1052. -38 88 -89 90 -232 288 $
1053. 68 293 70 71 72 68 $
1054. -70 150 151 152 153 110 111 24 $
1055. -213 -212 -123 -291 -231 -230 247 $
1056. -112 -110 -105 -104 -123 -122 20 29 $
1057. 238 $
1058. 25 26 27 28 133 134 126 $
1059. -109 -108 256 211 225 $
1060. -240 5 6 -227 -226 64 $
1061. 274 -99 -107 -300 104 -288 $
1062. 245 -199 -198 -301 $
1063. -173 -172 $
1064. 113 -252 -251 -275 -295 $
1065. 8 -54 -53 -89 -42 -41 -40 -39 -38 $
1066. -271 -97 95 96 75 $
1067. -244 -243 -242 105 106 $
1068. 85 $
1069. 86 98 -206 $
1070. -308 -174 -173 $
1071. 52 -88 $
1072. 252 253 254 255 256 257 258 -144 $
1073. -238 -237 -236 -58 -57 106 $
1074. 261 $
1075. -289 $
1076. 77 76 $
147. 177 $
152. 283 $
154. -267 $
161. -78 $
167. 79 $
182. 171 $
185. 55 $
186. -203 $
191. -117 -116 $
193. 269 $
197. 113 $
2000. -282 179 180 -62 -61 -60 $
2001. -64 -63 181 -182 156 $
2002. 60 61 62 63 -225 -224 -223 $
208. 129 $
209. 213 214 $
218. -204 $
221. -151 $
223. 12 $
228. 7 $
233. -50 $
237. -84 $
242. 260 $
243. -39 $
251. 90 $
259. 176 $
262. -57 -56 $
264. 41 $
265. 59 $
269. -272 $
282. -94 $
284. -48 $
286. -205 $
289. -3 $
292. -40 $
295. 98 $
297. -128 $
298. -244 $
299. -265 $
303. 194 $
304. -157 $
309. -83 -82 $
311. 309 $
312. -167 $
316. -51 $
325. -2 $
328. -166 $
333. 268 $
337. -250 $
339. 130 -216 -215 $
340. -276 -275 -274 $
344. 222 -284 $
345. -18 17 202 $
348. 21 22 $
354. -28 $
359. -170 -169 $
361. -87 $
363. 204 205 206 $
364. 214 203 $
365. -212 -211 $
367. -114 -54 $
370. 108 $
376. 42 $
380. 23 -159 $
385. 99 32 $
387. -47 -178 $
388. -308 -307 $
392. 287 $
397. 262 281 $
400. 152 $
401. 171 172 $
411. -178 -177 -176 $
413. -251 $
414. -303 -248 $
423. 161 $
431. 124 125 $
440. 199 200 $
448. -65 $
449. 116 $
455. -82 $
457. -266 265 -264 $
458. -1 $
460. -160 112 $
461. 13 237 $
463. -93 $
467. -30 -126 $
472. 249 250 -33 $
473. 168 -195 -194 -196 $
478. -306 -224 14 -174 $
479. -259 -258 184 185 -69 $
480. 162 -148 $
483. -249 -248 -247 $
487. 101 -100 $
489. 158 -155 193 $
495. 305 201 202 210 -71 $
499. -32 -167 -166 $
505. 143 144 145 -163 $
507. 158 159 160 $
513. -267 -266 -243 -242 -241 239 240 $
520. -187 -234 $
526. 136 46 -295 31 -292 -196 -195 $
529. 273 154 192 $
530. -197 257 -183 -182 14 15 $
534. -137 -45 11 12 13 -223 $
538. -46 -45 -44 -226 114 115 $
541. -87 -86 -85 -84 -83 31 30 304 $
543. 200 201 -17 -16 -287 -286 -285 -221 $


# markers coordinates
1. 1 45284 53111 1028 36750 44514 458 1 6793
2. 1 57938 145317 1028 45186 115623 325 1290 21283
3. 1 146660 168347 289 8252 16685 1028 123535 133983
4. 1 171486 178534 1018 13181 16888 1028 134667 139868
5. 1 177869 267465 1018 16250 91695 1060 20589 61314
6. 1 270179 366622 1002 35647 115056 1060 61507 85725
7. 1 320680 391040 1002 82504 134028 228 611 10926
8. 1 391467 410927 1065 1111 5575 1002 135310 149526
9. 1 397689 506133 1002 137553 209365 1033 76702 129165
10. 1 505510 541662 1002 208736 226133 1036 142840 154794
11. 1 535011 597286 1002 218633 255882 534 55973 98690
12. 1 592893 626081 534 93615 116427 223 307 11512
13. 1 620230 646101 534 110594 128137 461 1 15740
14. 1 646374 664970 530 99192 110478 478 61375 64656
15. 1 664236 685090 530 109747 120555 1009 25508 41821
16. 1 678039 708436 1009 16801 31247 543 43627 58354
17. 1 709045 711765 543 39951 41974 345 17085 18908
18. 1 711985 727902 345 1863 11517 1009 1438 13706
19. 1 738393 755929 1042 16193 29014 1035 11524 18607
20. 1 767160 782006 1056 94750 112419 1018 145310 150666
21. 1 796854 839041 348 1556 22631 1018 92792 139662
22. 1 838406 860038 348 21978 29110 1002 21450 35283
23. 1 858392 871021 1002 11943 23126 380 254 2261
24. 1 891645 914734 1018 462259 476579 1054 137369 151013
25. 2 51813 94298 1023 7945 41823 1058 33283 50358
26. 2 95237 149542 1035 76084 122496 1058 52752 65922
27. 2 150043 251468 1011 1145 48431 1058 67230 117569
28. 2 257938 281275 354 4521 25572 1058 119816 130334
29. 2 281478 285684 1056 113001 117311 1033 130898 134002
30. 2 300489 314008 467 9324 16637 541 91298 96194
31. 2 334446 338638 541 81142 84379 526 52696 55444
32. 2 340435 376583 385 14827 31772 499 30272 47899
33. 2 427244 438896 1042 37322 47261 472 43361 47746
34. 2 439233 462084 1030 42150 59700 1028 227568 233224
35. 2 462311 471362 1010 27385 33814 1030 37060 41183
36. 2 470064 501958 1010 11547 28884 1045 274 14378
37. 2 497081 510530 1010 1673 16965 1044 68048 76854
38. 2 541499 566323 1052 1 20857 1065 109437 115970
39. 2 567179 575141 243 468 9106 1065 90097 95940
40. 2 576311 590343 292 2593 18036 1065 85860 87119
41. 2 590086 616757 1065 74947 86114 264 451 19198
42. 2 617230 675779 376 175 31359 1065 46754 74617
43. 2 680730 693306 1006 22512 34680 1039 162499 165646
44. 2 697090 715099 1039 142499 160857 538 31742 36124
45. 2 722818 734733 534 44769 49388 538 22743 29958
46. 2 734944 771298 538 3870 19478 526 16188 37136
47. 2 771705 777486 387 1 5154 1025 55198 61007
48. 2 784068 796171 1018 377497 382904 284 11618 15815
49. 2 813507 835801 1044 4910 20407 1040 53598 70075
50. 2 834821 859557 1040 37713 54497 233 1 10179
51. 2 859752 887192 316 395 22436 1040 26593 37472
52. 2 886750 914483 1040 14544 26934 1071 1 26156
53. 2 914784 937030 1065 19064 26293 1040 5167 14105
54. 2 939579 967735 367 18840 36213 1065 6818 17973
55. 2 981605 990457 1013 36041 53894 185 1614 6233
56. 2 989864 1005077 1013 53088 55973 262 9960 17873
57. 2 1006290 1028240 262 224 8391 1073 36027 49975
58. 2 1023561 1047285 1073 27681 40616 1019 1223 18728
59. 2 1057850 1071418 1000 31026 41050 265 4826 15392
60. 3 37529 76188 2002 7840 43778 2000 240660 242520
61. 3 77103 174462 2002 45930 103474 2000 181752 236743
62. 3 347672 387726 2002 103569 107146 2000 33959 48412
63. 3 385333 558618 2002 104741 193355 2001 50952 171377
64. 3 558911 606895 2001 16246 46518 1060 121887 143966
65. 3 609575 672854 448 372 45923 1031 58757 83269
66. 3 682073 723026 1045 101542 129919 1037 2152 18273
67. 3 717419 739845 1037 12601 19649 1010 163454 175481
68. 3 747101 775309 1053 91841 97716 1053 9080 22057
69. 3 775904 809517 1032 27093 54119 479 50993 60981
70. 3 824735 870739 1054 1123 26332 1053 33028 44703
71. 3 869888 903516 1053 43756 64547 495 71447 81889
72. 3 902383 952876 1053 63639 90761 1036 26058 61724
73. 3 953238 1024749 1036 92633 137927 1045 133012 164461
74. 3 1032161 1067580 1037 108570 125737 1036 62450 89440
75. 3 1077112 1112218 1066 58572 79428 1020 33477 47427
76. 3 1111709 1120221 1020 46858 58489 1076 16733 20514
77. 3 1133970 1144174 1076 138 10518 1020 61754 64306
78. 3 1145051 1153409 161 1 4246 1020 65598 70309
79. 3 1152309 1159730 1020 69128 72418 167 333 4472
80. 3 1159968 1175525 1014 23928 33634 1039 486 4437
81. 3 1171961 1219198 1014 30466 62667 1038 16387 47660
82. 4 27500 40008 455 2435 10871 309 13389 19916
83. 4 40574 72222 541 51841 77561 309 1360 12673
84. 4 70897 81170 541 48048 53184 237 4514 8357
85. 4 87783 132179 1068 1 22344 541 31305 44982
86. 4 126163 166461 541 13458 39218 1069 123 19768
87. 4 164962 171590 541 12716 14816 361 966 5675
88. 4 219840 242459 1071 28158 37903 1052 28568 41601
89. 4 252198 259663 1052 46595 60319 1065 31233 46283
90. 4 259895 272434 251 3245 13719 1052 72364 78467
91. 4 319590 351278 1037 136897 149833 1036 9854 23716
92. 4 370120 381064 1031 83945 92056 1016 27192 30892
93. 4 402641 472580 463 1134 55561 1016 33831 57950
94. 4 472167 496698 1016 57438 74916 282 1 19011
95. 4 529372 581637 1035 32246 67025 1066 18137 37047
96. 4 581860 594038 1027 46518 52407 1066 37217 43181
97. 4 602669 620265 1066 12125 17792 1035 21471 31542
98. 4 624385 643873 1069 24455 38197 295 6161 16009
99. 4 663489 675611 385 362 3630 1061 58801 62753
100. 4 687452 706424 1048 198298 212532 487 46135 58394
101. 4 705189 724396 1048 182096 199557 487 31003 36873
102. 4 759717 783102 1014 9030 21169 1050 34788 41489
103. 4 792974 836897 1008 39393 61790 1018 316683 336256
104. 4 892250 914260 1056 59302 74489 1061 135464 143499
105. 4 912910 937679 1056 52870 60729 1067 50848 72255
106. 4 935124 953212 1067 69586 77350 1073 56893 67039
107. 4 963250 975667 1061 82882 94197 1012 604 5579
108. 4 978602 990780 1059 40511 52157 370 7329 16148
109. 4 1005921 1035843 1059 12136 24217 1013 59825 72393
110. 4 1052104 1075520 1054 113304 131490 1056 36274 43744
111. 4 1068114 1090266 1054 124114 135243 1018 448471 461880
112. 4 1091666 1129948 460 38552 52511 1056 2079 32811
113. 4 1140924 1158608 1064 12058 26815 197 1862 6837
114. 4 1161815 1178451 367 892 13689 538 68774 80975
115. 4 1175017 1241199 538 76677 120551 1049 504 36351
116. 5 42779 49580 449 42834 46824 191 2186 5310
117. 5 47859 68556 191 429 3940 1045 180708 195316
118. 5 59724 85624 1045 167094 184222 1032 1049 12123
119. 5 88424 120545 1037 44216 73127 1032 15762 23656
120. 5 113669 146842 1037 26014 52533 1023 45704 54024
121. 5 153037 169025 1037 85249 99594 1042 2298 7744
122. 5 171315 183104 1056 84006 94357 1018 156124 161730
123. 5 178743 193839 1056 82449 88406 1055 53408 57165
124. 5 208748 238249 1042 53853 61499 431 16748 33840
125. 5 226264 243589 431 21043 39061 1043 1441 5869
126. 5 243652 268669 467 30228 56632 1058 149616 152768
127. 5 269419 298365 1033 136243 163398 1018 408890 428802
128. 5 296485 335988 1018 392206 410779 297 2732 23991
129. 5 341206 346798 1025 38023 44716 208 3778 7685
130. 5 346184 354673 1025 44102 49041 339 2903 6394
131. 5 354960 375750 1025 24731 34783 1023 59511 72273
132. 5 381081 417211 1046 6069 24381 1041 51977 82369
133. 5 418230 433546 1058 135317 140573 1041 82855 86503
134. 5 431939 449346 1058 138933 146871 1032 150052 156859
135. 5 447330 481183 1032 152309 175833 1043 6232 24179
136. 5 487575 516570 1043 24530 46680 526 7574 15523
137. 5 512498 583199 1043 42522 69513 534 2896 43872
138. 5 582690 610724 1043 68986 76396 1003 100704 124757
139. 5 601465 762081 1003 2428 107478 1039 18190 141039
140. 5 765587 775353 1039 6544 14509 1002 305710 308361
141. 5 773968 818332 1020 74155 91972 1002 283671 307221
142. 5 819736 855464 1029 18733 37763 1020 93433 127353
143. 5 854280 888555 1029 1002 19830 505 572 37456
144. 5 892885 906301 1072 126281 133768 505 42259 54194
145. 5 904637 982256 505 52515 83027 1048 19222 75024
146. 5 989175 1005622 1027 36556 44974 1039 171605 186163
147. 5 1006096 1018663 1035 68426 72838 1039 166834 171449
148. 5 1049450 1060835 1041 10923 26135 480 70276 74367
149. 5 1060050 1079384 1041 25272 38427 1044 56564 66812
150. 5 1073407 1088285 1041 31884 49672 1054 51656 55008
151. 5 1094162 1100923 1054 60708 66201 221 2373 6518
152. 5 1098632 1121320 1054 64906 77026 400 948 18026
153. 5 1122931 1163600 1054 83386 112238 1014 65303 86883
154. 5 1163816 1190663 1015 1964 17277 529 59125 69401
155. 5 1197492 1220376 489 26766 35389 1043 122140 141344
156. 5 1229975 1258573 2001 199741 213111 1043 141962 170761
157. 5 1263977 1268437 304 13147 16534 1043 171266 172540
158. 6 41362 54337 507 40559 49046 489 18620 24028
159. 6 52091 83265 507 46890 59285 380 7360 22870
160. 6 83404 121485 460 707 37949 507 60204 72543
161. 6 127471 167073 423 928 34600 1050 48007 68252
162. 6 198818 256868 480 5634 43975 1017 2889 37617
163. 6 258266 282269 505 83512 92671 1050 221828 237718
164. 6 268689 307018 1050 205263 233930 1039 193282 202337
165. 6 331544 339596 1018 435583 442460 1023 251467 253141
166. 6 357126 371651 499 70437 77949 328 673 11835
167. 6 375457 404012 312 1649 24701 499 55648 68185
168. 6 444390 468533 1018 356768 376686 473 1284 7670
169. 6 469718 509824 1018 337264 354166 359 1013 27540
170. 6 498840 515498 359 1 13334 1006 8170 11250
171. 6 531394 541464 182 678 4904 401 14991 23363
172. 6 539331 581726 401 21214 40254 1063 21717 51989
173. 6 582579 622196 1070 46652 83912 1063 3007 21463
174. 6 619489 637601 1070 37139 49456 478 65278 68885
175. 6 644547 663080 1009 48199 59859 1033 16406 31206
176. 6 674447 695205 411 22692 36253 259 2949 16458
177. 6 695230 704834 147 35 4352 411 19085 21763
178. 6 706138 739476 387 5870 31574 411 1653 18917
179. 6 743532 784968 2000 3588 27720 1020 683 29313
180. 6 785180 798711 1019 61016 75256 2000 29208 32058
181. 6 796504 837089 1019 25105 63517 2001 171777 183810
182. 6 854430 910910 2001 185153 197283 530 52960 98945
183. 6 915861 925005 530 40126 48285 1030 95427 103358
184. 6 925625 949362 1030 68892 93168 479 36215 44836
185. 6 949531 967393 479 45051 48887 1018 233924 247298
186. 6 964262 1068626 1018 244116 307856 1045 25479 97371
187. 6 1073177 1136268 520 1 51465 1010 34878 65658
188. 6 1138868 1159693 1028 213852 226361 1013 191483 202983
189. 6 1159517 1221438 1028 195196 214016 1013 144084 184823
190. 6 1217419 1282991 1013 99135 148197 1008 1125 38187
191. 6 1278090 1307831 1013 74035 105835 1050 239086 246254
192. 7 28506 48703 529 69926 78334 1015 17735 31174
193. 7 49770 91660 1018 203011 233642 489 35925 61879
194. 7 91773 106264 473 36089 49866 303 3836 17006
195. 7 105188 132163 473 10480 37150 526 102551 123514
196. 7 130949 149529 526 87810 103852 473 61531 63526
197. 7 150598 187585 1031 20576 56776 530 1 12991
198. 7 193623 235383 1016 585 24354 1062 40919 72501
199. 7 227920 260978 1062 27219 49955 440 1276 16555
200. 7 261881 307215 543 143 30741 440 17159 35564
201. 7 305150 318002 543 28334 39248 495 18676 22959
202. 7 316476 325340 495 21433 23654 345 20870 27737
203. 7 327372 340221 364 14730 22239 186 87 7227
204. 7 341743 356020 363 438 4257 218 238 9284
205. 7 355364 383120 363 3610 20512 286 1263 15355
206. 7 385284 399441 363 22856 27959 1069 39974 43128
207. 7 403654 520396 1023 148920 233849 1004 41725 126483
208. 7 519956 534624 1023 137166 149378 1004 128824 136291
209. 7 535632 561560 1018 163688 185925 1023 126232 134034
210. 7 557408 586865 1018 181799 201598 495 24976 51693
211. 7 624810 651939 1059 70588 92723 365 25153 32847
212. 7 652944 718011 1055 7145 41374 365 24 21181
213. 7 710623 729670 1055 663 16709 209 1823 7696
214. 7 728072 738885 209 6087 8833 364 16 6904
215. 7 749632 763143 1051 8692 13590 339 17930 27664
216. 7 783281 806323 1005 13821 30029 339 6897 17833
217. 7 809568 840190 1005 456 9846 1023 73173 99557
218. 7 842183 883604 1004 136693 162700 1023 102228 125525
219. 7 898009 937957 1051 18109 51079 1033 1 12930
220. 7 931981 957489 1051 45316 67092 1032 198433 208052
221. 7 953060 991662 1032 176782 202618 543 153839 177906
222. 7 1005013 1050401 1004 1 20681 344 162 4734
223. 7 1058250 1100159 534 129416 156160 2002 241958 264307
224. 7 1097824 1135491 2002 217762 244360 478 30026 59852
225. 7 1135994 1149508 1059 94050 96549 2002 201096 217133
226. 7 1160994 1197817 538 39404 62602 1060 105250 121601
227. 7 1194969 1237995 1060 86412 108502 1010 79776 93101
228. 7 1243126 1276699 1050 75672 95696 1010 93473 112690
229. 7 1284200 1347423 1050 95908 144677 1010 113037 151743
230. 7 1355625 1370024 1055 177843 188926 1002 2576 9872
231. 7 1369149 1413552 1055 128379 178793 1001 78022 83542
232. 7 1426974 1449620 1052 88398 109338 1001 73051 75567
233. 7 1452894 1465290 1014 244 4897 1001 63130 72046
234. 7 1461347 1557744 1001 8057 67461 520 54060 109921
235. 7 1591284 1622211 1024 16056 28999 1000 47567 64886
236. 7 1622778 1640268 1073 17626 27361 1019 19188 24168
237. 7 1638827 1659034 1073 7885 19187 461 34721 43814
238. 7 1661601 1690393 1057 428 21497 1073 2059 6132
239. 8 47944 73457 513 67798 81683 1028 140309 156452
240. 8 70161 107441 513 78405 94277 1060 1850 17630
241. 8 107767 133099 513 58002 67244 1028 157738 174173
242. 8 134504 155316 1067 25860 35524 513 41334 57811
243. 8 155887 174898 1067 12274 23985 513 32164 40726
244. 8 173357 191886 1067 2503 13866 298 667 5314
245. 8 199589 240307 1062 1522 18512 1050 167894 194123
246. 8 238421 267338 1050 145170 170321 1010 151895 162735
247. 8 268843 322994 1055 201332 231154 483 19073 54285
248. 8 320889 331380 483 10699 21178 414 28398 32854
249. 8 348274 353307 483 1 3561 472 175 3823
250. 8 352477 396037 472 3044 39296 337 5007 18712
251. 8 436005 490517 1064 68647 93969 413 1849 40170
252. 8 490546 527618 1064 30451 65584 1072 686 7157
253. 8 526620 564412 1072 6129 25030 1013 15300 35497
254. 8 566194 599312 1072 27672 49328 1013 54 14870
255. 8 592276 633627 1072 42308 73874 1012 5766 27931
256. 8 629989 657007 1072 70071 88573 1059 53861 68598
257. 8 657369 683362 1072 89093 110503 530 28383 39498
258. 8 687202 723127 479 9147 34840 1072 111820 125132
259. 8 716414 749732 479 1 12958 1048 75760 95052
260. 8 745368 780466 1048 92058 111455 242 761 13335
261. 8 779444 788846 1048 110204 116202 1074 63 3835
262. 8 788112 802235 1048 115390 127542 397 565 10588
263. 8 806497 870170 1024 78332 124765 1048 140448 181422
264. 8 863358 872904 1024 118060 125767 457 20678 22905
265. 8 873713 898776 299 14238 21320 457 11098 19502
266. 8 914158 933021 513 12480 31351 457 2325 5166
267. 8 934337 948789 513 79 11942 154 432 3156
268. 8 951898 972592 333 893 25279 1031 195365 200516
269. 8 971267 993929 1031 180693 196735 193 1 5871
270. 8 992829 1028144 1031 159123 181733 1007 17289 33767
271. 8 1027110 1055577 1031 141810 160157 1066 1 9515
272. 8 1043145 1080364 1031 139055 152790 269 1 18466
273. 8 1079678 1128066 1031 117935 139726 529 1925 44385
274. 8 1138536 1149713 1061 51386 58439 340 11988 20812
275. 8 1150090 1163202 1064 95468 105123 340 3233 10549
276. 8 1161196 1171779 340 378 5245 1043 95908 101669
277. 8 1169052 1181410 1043 92207 98950 1030 551 6324
278. 8 1188453 1212855 1024 57277 69831 1030 10263 20776
279. 8 1209780 1250452 1024 65042 74068 1030 22483 26684
280. 8 1216484 1262025 1024 70274 74959 1036 248945 270733
281. 8 1256509 1303210 1036 218148 254815 397 15635 41140
282. 8 1291462 1316298 1036 208850 231821 2000 1 3110
283. 8 1312258 1319387 1036 207850 212820 152 706 2967
284. 8 1318830 1349828 1036 192400 208308 344 5351 22913
285. 8 1351712 1395190 1036 161109 192267 543 129664 147291
286. 8 1407312 1459976 1033 31798 69250 543 106995 119326
287. 8 1472129 1532581 543 78246 106584 392 1 32898
288. 8 1536124 1555012 1052 111345 123234 1061 148276 156754
289. 8 1569016 1600903 1075 1 20494 1032 111076 124707
290. 8 1601236 1621024 1025 4571 18525 1032 104789 110072
291. 8 1619927 1666591 1032 87895 105781 1055 78247 115052
292. 8 1664234 1694939 1032 54437 90524 526 58012 67637
293. 8 1695087 1715738 1053 22659 30890 1002 263412 274904
294. 8 1711498 1729581 1002 270434 275712 1007 1375 14649
295. 8 1803426 1814719 526 41871 46589 1064 106501 108517
296. 8 1816324 1828179 1041 87507 98683 1026 20542 28062
297. 8 1828722 1844089 1026 12888 19992 1032 144169 147774
298. 8 1845674 1872065 1026 1 12284 1051 1800 6582
299. 8 1872625 1917068 1032 126409 143825 1025 104879 134044
300. 8 1923392 1956181 1061 95721 116100 1025 87753 103271
301. 8 1958491 2016739 1025 62202 87320 1062 75278 118670
302. 8 2031731 2070953 1026 37581 66680 1041 102505 123713
303. 8 2068626 2096982 1026 64338 83972 414 1989 13925
304. 8 2129859 2174691 1031 93761 102513 541 141826 170018
305. 8 2198913 2207387 1031 106341 114013 495 6278 14821
306. 8 2209672 2240982 478 442 24601 1044 36316 54828
307. 8 2240089 2248947 1044 27607 37518 388 30334 33355
308. 8 2249157 2283472 388 2510 26939 1070 3357 22554
309. 8 2287664 2301876 311 5480 15346 1049 65807 68058
