>Zrouxii$
1. 1 2 3 4 5 6 7 8 9 10 11 12 13 14 15 16 17 18 19 20 21 22 23 24 25 26 27 28 $
2. 29 30 31 32 33 34 35 36 37 38 39 40 41 42 43 44 45 46 47 48 49 50 51 52 53 54 55 56 57 58 59 60 $
3. 61 62 63 64 65 66 67 68 69 70 71 72 73 74 75 76 77 78 79 80 81 82 83 84 85 86 87 88 89 90 91 92 93 94 95 96 97 98 99 100 $
4. 101 102 103 104 105 106 107 108 109 110 111 112 113 114 115 116 117 118 119 120 121 122 123 124 125 126 127 128 129 130 131 132 133 134 135 $
5. 136 137 138 139 140 141 142 143 144 145 146 147 148 149 150 151 152 153 154 155 156 157 158 159 160 161 162 163 $
6. 164 165 166 167 168 169 170 171 172 173 174 175 176 177 178 179 180 181 182 183 184 185 186 187 188 189 190 191 192 193 194 195 196 197 198 199 200 201 202 203 204 205 206 207 $
7. 208 209 210 211 212 213 214 215 216 217 218 219 220 221 222 223 224 225 226 227 228 229 230 231 232 233 234 235 236 237 238 239 240 241 242 243 244 245 246 247 248 249 250 251 252 253 254 255 256 257 258 259 260 261 262 $

>Scerevisiae$
1. 61 -111 -110 112 113 -211 -231 $
10. -100 -88 -134 -79 -254 105 108 168 -245 -260 -259 -258 -46 84 -24 -23 -50 -91 -236 23 -48 -235 -234 -144 174 -221 -220 213 250 -199 251 252 -253 -104 56 45 -208 $
11. -213 220 -54 -53 -79 -254 248 -84 -257 214 216 137 138 139 164 156 -165 -155 -154 -153 -33 -32 101 102 136 31 260 245 168 -108 -105 58 25 242 -223 60 $
12. 226 -30 -29 -49 -48 -24 49 -19 -167 170 -169 -64 -114 187 195 68 147 -205 -204 -34 -189 -176 -20 -69 -149 150 151 -76 129 29 232 233 26 27 -43 -42 52 53 54 55 -103 $
13. 1 2 -95 -241 1 -56 -55 221 -125 -127 -77 155 156 -165 -164 -139 -138 -216 -214 257 -19 -18 -17 -16 160 161 -73 -72 -118 184 -13 -246 -62 191 192 240 241 95 -115 -63 $
14. -67 -66 -41 -204 -203 -202 -201 -200 -199 -198 -197 -83 222 -59 -47 141 -97 -96 3 106 -107 5 -4 -149 147 -148 -146 -72 -118 -117 87 135 $
15. -67 -66 -41 -40 -39 -38 -37 -10 -240 -192 113 -218 210 -152 77 -78 -211 -11 12 247 85 58 25 242 97 -141 47 186 212 -219 123 124 76 129 188 177 122 190 184 -13 -246 -62 191 -112 110 111 -61 $
16. 71 73 -161 -160 -159 -158 -90 -227 -215 190 -122 -177 -188 22 -196 -28 109 -183 -182 -181 -180 -17 -179 7 -171 172 173 -143 193 250 251 98 99 89 74 -36 -120 -256 -103 $
2. -193 142 -35 -253 -252 -239 -228 230 9 -8 -166 157 237 238 239 98 39 182 22 -196 -28 109 -183 -70 -140 94 244 261 131 46 -258 259 $
3. -207 -206 148 -146 -145 134 88 100 198 203 -117 87 135 $
4. -197 -83 -21 -175 -82 -34 -189 -176 -175 -82 6 -178 15 16 18 -52 42 -37 -10 -9 -8 -166 157 237 238 -224 243 51 -65 -64 -114 187 195 68 69 20 21 -7 179 180 247 85 249 92 93 121 -14 185 186 212 -219 123 124 125 126 127 128 -75 11 12 181 40 205 206 207 $
5. -202 78 -126 -174 144 145 119 -217 130 -104 162 133 80 81 35 142 255 -228 -224 243 51 -65 $
6. 169 170 171 172 210 -152 -151 -209 132 163 $
7. -163 -162 -255 143 173 -150 6 -178 15 -159 -140 94 244 261 215 227 90 158 70 262 -225 229 230 231 232 233 26 27 -201 -43 38 99 89 74 -36 -120 -256 229 225 -262 91 50 -236 -235 -234 -167 -57 -44 194 86 -116 -115 -63 $
8. 226 -30 -154 -153 -33 31 32 -137 128 -75 -209 -92 -249 -248 93 121 -14 185 59 -222 -57 200 -44 194 86 -116 -2 45 -208 $
9. -60 223 -96 3 106 107 4 5 -81 80 -133 -132 71 119 -217 130 131 -218 -136 -102 -101 $


# markers coordinates
1. 1 27895 66078 13 74398 99400 13 11484 25801
2. 1 64264 70144 13 24038 27862 8 484028 486179
3. 1 70521 148399 9 95065 151185 14 486767 531412
4. 1 152134 172587 9 183934 199400 14 584321 597540
5. 1 171184 180214 9 197928 203256 14 574507 578774
6. 1 190417 218489 4 242552 253746 7 210421 227534
7. 1 218642 232337 16 495504 509997 4 954284 958335
8. 1 245136 339406 4 463431 512106 2 274427 347299
9. 1 341547 407969 4 422830 462513 2 227639 270633
10. 1 430218 440329 15 217126 226074 4 411822 416705
11. 1 441743 452704 15 368127 373439 4 1404437 1414266
12. 1 448960 458269 4 1410445 1416866 15 378219 380806
13. 1 464812 501123 13 695349 722395 15 841332 854111
14. 1 502230 574811 8 278155 328039 4 1135927 1184251
15. 1 575254 584734 7 234722 241090 4 267698 269976
16. 1 585252 648702 13 563095 605519 4 270222 300999
17. 1 649194 654045 16 486710 488205 13 559198 562527
18. 1 654330 686257 4 301413 316388 13 537837 558523
19. 1 679908 733920 13 507501 545729 12 199541 229583
20. 1 743360 789785 4 884724 915924 12 574153 604789
21. 1 791893 825357 4 917567 937489 4 88249 106495
22. 1 846010 851625 16 348443 352272 2 571463 575991
23. 1 859035 871780 10 417556 424103 10 383832 390848
24. 1 869465 915673 10 378820 386144 12 156854 177415
25. 1 923141 956263 11 583295 605060 15 449438 472599
26. 1 959715 1009950 7 523791 559998 12 787664 826412
27. 1 1009687 1024135 7 559735 583896 12 828729 837356
28. 1 1025863 1070792 2 593501 618518 16 379117 411282
29. 2 27528 67361 12 747939 764137 12 95565 115992
30. 2 62763 91647 12 77151 100200 8 54849 62561
31. 2 97168 139627 8 95114 108117 11 421067 456697
32. 2 147594 160975 8 108807 113089 11 382359 388548
33. 2 182793 190168 11 374148 378215 8 80650 83717
34. 2 198821 222366 4 145827 158736 12 535216 545700
35. 2 229241 344430 2 45975 124762 5 333172 401865
36. 2 345085 377770 7 725053 741667 16 792683 824334
37. 2 383089 432800 15 194970 216137 4 369769 407203
38. 2 431421 444368 15 189658 196337 7 634308 640375
39. 2 440556 503220 15 141584 193542 2 513038 549003
40. 2 500661 540387 15 116396 143696 4 1422755 1446986
41. 2 539413 556837 15 111431 117454 14 90303 110411
42. 2 558649 584134 4 351434 368211 12 867353 877177
43. 2 583127 634705 12 838065 868390 7 591318 631277
44. 2 635368 649370 7 962534 973739 8 412910 420075
45. 2 652058 697842 10 667638 701685 8 486230 501143
46. 2 700461 715279 10 349575 353610 2 728880 738364
47. 2 737365 772036 14 412773 442360 15 515245 533794
48. 2 776502 818526 10 425151 442546 12 131728 156333
49. 2 820264 836191 12 177607 187128 12 121321 130612
50. 2 858531 867417 10 393962 396587 7 845898 854900
51. 2 869260 964677 5 469681 546409 4 602195 657464
52. 2 966138 1051782 12 878282 940979 4 316971 351037
53. 2 1045283 1086134 12 934412 962732 11 84709 108604
54. 2 1089862 1109596 11 74937 83555 12 963782 975518
55. 2 1110636 1200248 13 111865 167308 12 982891 1035761
56. 2 1196539 1218466 13 104777 115347 10 654731 665013
57. 2 1220207 1260233 7 932544 962065 8 392642 406181
58. 2 1274684 1307162 15 422669 448370 11 567560 580392
59. 2 1312950 1327606 8 338086 341362 14 401042 412055
60. 2 1328001 1358575 11 625506 639606 9 39433 60694
61. 3 25627 67634 1 31568 58463 15 1015359 1043040
62. 3 69331 74693 15 874742 877684 13 740265 742734
63. 3 78422 100898 13 888951 902412 7 1057789 1063159
64. 3 101140 148564 4 669013 690530 12 294092 326226
65. 3 149022 162273 5 546812 551117 4 658347 666767
66. 3 163475 189626 14 66517 88736 15 101475 109889
67. 3 190557 289425 15 44937 100957 14 18001 66052
68. 3 296787 320337 4 812107 832470 12 491868 500272
69. 3 320634 376900 12 605760 628199 4 832856 871298
70. 3 378230 401967 2 645545 662244 7 385199 401290
71. 3 405401 415392 16 49303 52671 9 334879 343653
72. 3 415683 426944 13 664751 669654 14 636988 644195
73. 3 426186 452729 13 650035 665521 16 64977 76239
74. 3 469220 495555 7 703640 724768 16 771651 792200
75. 3 496188 514647 8 122884 132915 4 1393328 1404165
76. 3 517467 538476 15 642742 653885 12 663286 675457
77. 3 542516 589017 15 301381 331052 13 267174 282584
78. 3 594511 606690 15 331456 338622 5 34407 41953
79. 3 613635 619415 10 90784 94528 11 109274 112508
80. 3 619866 626455 5 270735 279624 9 257842 259769
81. 3 623406 693765 5 276570 327027 9 212496 255865
82. 3 695401 724627 4 222427 241840 4 126788 144224
83. 3 728087 822353 4 34238 80413 14 241690 306982
84. 3 823644 845398 10 356019 373794 11 163647 171134
85. 3 859291 884312 4 994238 1011269 15 392416 409660
86. 3 884402 932668 7 979770 1002245 8 423726 463704
87. 3 933952 945028 14 694363 699433 3 252842 258651
88. 3 946320 968194 10 69337 79261 3 177496 190165
89. 3 968549 1028692 7 656964 699790 16 744687 768985
90. 3 1054258 1066079 7 376104 381274 16 157841 163596
91. 3 1071540 1081664 7 830520 835908 10 397350 402405
92. 3 1082770 1091957 4 1059623 1068386 8 175541 177992
93. 3 1087103 1131161 4 1063348 1095175 8 215185 237695
94. 3 1134640 1152928 7 288518 303414 2 682174 686587
95. 3 1154196 1165966 13 838186 845344 13 28266 33851
96. 3 1166132 1197094 14 467133 486480 9 83302 94800
97. 3 1194617 1224150 14 447613 469625 15 482035 494471
98. 3 1224660 1354396 16 657526 718466 2 424984 512768
99. 3 1352024 1389724 16 716154 743741 7 640724 656326
100. 3 1390088 1415331 3 190588 199545 10 50629 68781
101. 4 37639 53115 11 389883 403161 9 416121 421787
102. 4 52186 59237 11 402211 406884 9 403656 405964
103. 4 60373 129284 16 864445 919037 12 1039268 1058516
104. 4 134493 155147 10 640819 654232 5 196947 204962
105. 4 163231 177982 11 559308 565534 10 136369 146041
106. 4 180577 213128 9 151592 173025 14 531726 551988
107. 4 214075 229688 9 175304 183124 14 555049 560480
108. 4 230654 316468 10 147098 211573 11 506540 558596
109. 4 317703 335227 16 412251 425844 2 618904 624692
110. 4 336740 391610 1 71787 92271 15 925718 986459
111. 4 392243 428465 15 989786 1014819 1 58696 69526
112. 4 430819 461377 1 92901 118315 15 916027 925037
113. 4 451492 491128 1 108878 131986 15 234939 254616
114. 4 495428 594538 4 691011 743871 12 326514 386176
115. 4 594831 670576 7 1014327 1051731 13 845570 888681
116. 4 670765 689122 8 467228 483837 7 1004630 1010772
117. 4 690941 756608 14 662915 694049 3 208131 252625
118. 4 755964 778812 14 644322 663583 13 675895 683563
119. 4 788633 819640 5 138918 166884 9 344059 356892
120. 4 822060 851901 16 825641 837409 7 746803 763158
121. 4 852141 921158 4 1103755 1135426 8 239100 277770
122. 4 921315 928028 15 804378 808108 16 228313 230837
123. 4 930195 1008143 15 573176 624376 4 1243222 1283791
124. 4 1008230 1026027 15 626629 638559 4 1284061 1293083
125. 4 1025329 1032810 4 1292364 1296678 13 192788 195755
126. 4 1029940 1058166 4 1293361 1314884 5 52721 60851
127. 4 1045338 1178439 4 1303166 1386508 13 202775 258416
128. 4 1178918 1187744 4 1386808 1393171 8 117809 121678
129. 4 1191418 1267685 15 654211 697335 12 681188 731561
130. 4 1268414 1286165 9 370701 374857 5 177834 191787
131. 4 1287804 1298113 2 721385 728097 9 375428 379778
132. 4 1298587 1346798 6 213300 231928 9 290418 324103
133. 4 1345440 1399144 9 260157 291668 5 237569 268112
134. 4 1407968 1419208 10 80153 85334 3 170882 176434
135. 4 1420126 1465410 3 258880 289255 14 699692 724307
136. 5 34682 53504 11 407108 420859 9 397291 403488
137. 5 54938 62324 11 274927 280503 8 113494 115896
138. 5 60005 83180 11 277925 290696 13 397076 407583
139. 5 89104 114142 13 379585 396378 11 291097 301526
140. 5 114616 146066 7 272526 285953 2 666715 680045
141. 5 146255 163944 15 495128 514279 14 443400 446842
142. 5 167692 182817 2 43274 44915 5 402867 409059
143. 5 183200 223959 16 577582 610028 7 173291 190474
144. 5 225906 268449 10 486579 517506 5 100769 117474
145. 5 267206 295847 5 116167 135234 3 144771 167995
146. 5 292938 344725 3 105696 147632 14 627458 636385
147. 5 344989 352016 12 506136 510234 14 618509 620980
148. 5 353639 379360 14 621315 627144 3 91324 105548
149. 5 381556 390405 14 606320 614361 12 636782 641023
150. 5 406954 420420 12 642629 659793 7 200567 203839
151. 5 419461 429745 12 658828 662835 6 174257 180735
152. 5 430271 434438 6 169914 173869 15 292530 296121
153. 5 434758 447269 11 365248 373748 8 75409 80413
154. 5 449379 458569 8 66239 71871 11 359786 363836
155. 5 457871 487783 11 349107 360460 13 291133 319176
156. 5 487921 511869 11 325415 339086 13 319436 330230
157. 5 515664 531153 2 356322 366598 4 525437 540411
158. 5 531316 538909 16 151514 157592 7 381526 384769
159. 5 539098 577946 7 245721 269194 16 130161 151329
160. 5 575943 644723 16 82625 132227 13 605980 640603
161. 5 647243 658909 13 640914 649279 16 76669 82356
162. 5 659035 722068 7 69671 110408 5 208978 237118
163. 5 722374 785757 6 231999 255036 7 23935 69331
164. 6 54556 79920 13 344402 370516 11 309843 324764
165. 6 80328 99159 11 339312 348780 13 332211 343519
166. 6 101180 109975 4 521813 524710 2 347877 356015
167. 6 120146 137055 7 911888 921793 12 231703 243350
168. 6 145921 162958 11 483062 493304 10 229021 241650
169. 6 181671 301334 6 36803 97496 12 246325 289251
170. 6 304068 310439 6 103693 107579 12 243887 246073
171. 6 306692 337345 6 104695 137152 16 512311 518758
172. 6 334991 401429 6 134516 161194 16 525807 571375
173. 6 408394 418010 7 191135 200148 16 573015 577355
174. 6 418416 461502 5 64709 97796 10 518756 531359
175. 6 463405 482908 4 107209 126450 4 213352 220771
176. 6 483835 501810 12 566656 573920 4 198663 212047
177. 6 502106 633561 16 231216 318944 15 733926 804204
178. 6 633692 651402 4 253995 267201 7 227759 234512
179. 6 651601 659696 16 488885 495244 4 958677 963102
180. 6 660119 682129 4 963408 969676 16 464398 481898
181. 6 680894 691825 16 457115 465645 4 1417391 1422477
182. 6 691992 723728 2 549765 567475 16 444576 456661
183. 6 723285 751558 16 426230 445028 2 625767 642205
184. 6 754433 775760 15 826384 841068 13 684466 695152
185. 6 775871 798419 4 1184740 1200545 8 328306 337812
186. 6 797169 825735 4 1199175 1222141 15 539764 554571
187. 6 826246 865548 4 744308 765152 12 386512 416659
188. 6 866249 907813 16 319225 340944 15 710447 733458
189. 6 908737 963855 4 159605 198177 12 546099 566283
190. 6 964265 985910 15 808254 824866 16 216011 225740
191. 6 989147 1042127 13 742970 768038 15 878433 915091
192. 6 1037460 1047383 13 763350 774930 15 231569 233635
193. 6 1059094 1100751 2 9961 43092 16 610478 637221
194. 6 1114200 1121669 7 974880 979324 8 420376 423464
195. 6 1124807 1199070 4 765703 811629 12 417007 447576
196. 6 1202443 1235638 2 576339 592769 16 352860 378392
197. 6 1236488 1298014 14 191325 241312 4 22823 33918
198. 6 1293284 1306794 14 186347 196103 3 199542 200965
199. 6 1306798 1329480 14 164624 185179 10 612409 615149
200. 6 1334261 1353407 8 407106 412409 14 146897 164321
201. 6 1359556 1372935 7 584899 590915 14 138551 145282
202. 6 1367233 1390340 14 122883 144079 5 29797 33466
203. 6 1397098 1408871 3 201170 207946 14 119268 122170
204. 6 1411677 1426328 12 523634 534395 14 110917 118809
205. 6 1425570 1445090 12 511056 524392 4 1447822 1461546
206. 6 1443201 1498792 4 1459720 1489790 3 41488 82275
207. 6 1500097 1529748 4 1490588 1500545 3 15798 38801
208. 7 33882 47560 8 502388 516485 10 702021 705266
209. 7 48668 64982 6 199862 210056 8 134547 146055
210. 7 82897 97826 15 274958 285427 6 162482 167251
211. 7 107727 120264 15 356543 361084 1 132202 138347
212. 7 123893 136084 15 554825 560678 4 1222751 1229601
213. 7 136404 187553 11 31083 67467 10 550504 576594
214. 7 190261 267064 13 434787 480189 11 203185 253120
215. 7 271038 287969 16 199494 209805 7 328877 334468
216. 7 292925 307433 11 262993 270294 13 421483 431094
217. 7 307633 321206 9 357412 364516 5 167807 172491
218. 7 336548 339875 15 272004 274354 9 381083 382379
219. 7 347602 358784 15 561171 569559 4 1230159 1236117
220. 7 359309 367448 10 544055 549807 11 68274 73870
221. 7 366337 387135 10 534020 545168 13 169116 183363
222. 7 387238 518566 14 307403 400539 8 341668 391700
223. 7 519877 540923 9 61013 77283 11 615372 625074
224. 7 542611 556491 4 580685 589400 5 450558 460218
225. 7 559273 580774 7 794679 809425 7 414106 420561
226. 7 593385 653236 8 21780 54164 12 39803 73145
227. 7 653827 714661 7 334889 375674 16 164275 197787
228. 7 715926 732192 2 170626 182097 5 439612 441815
229. 7 751903 771838 7 784228 793058 7 431553 446148
230. 7 764438 829696 7 440068 482671 2 199067 220403
231. 7 826937 865421 7 479915 498038 1 142176 159794
232. 7 867947 893062 12 764808 783387 7 498480 508368
233. 7 894075 907249 7 511549 522837 12 784913 787333
234. 7 909992 928904 7 897507 911633 10 464444 471664
235. 7 931918 960925 7 876674 897151 10 451013 462418
236. 7 959555 973930 7 872049 878197 10 402892 414764
237. 7 976302 1021629 2 373858 405245 4 548760 567553
238. 7 1017772 1033567 2 401247 413975 4 569232 573723
239. 7 1028467 1060478 2 409163 423035 2 151496 169379
240. 7 1061335 1078225 13 775314 789838 15 228613 231271
241. 7 1067928 1133038 13 779628 824630 13 42043 73920
242. 7 1153270 1168134 15 472727 481752 11 605275 613527
243. 7 1176171 1195970 5 460521 468811 4 589759 601806
244. 7 1196723 1206939 2 686896 697297 7 303652 306276
245. 7 1208673 1243663 10 245587 277997 11 478877 482782
246. 7 1262430 1295927 15 855146 874070 13 722612 739864
247. 7 1296083 1310980 4 971804 993948 15 386825 391075
248. 7 1326230 1345064 8 195544 211972 11 153274 158186
249. 7 1342434 1399949 8 178212 198278 4 1019364 1058810
250. 7 1417239 1456277 10 581907 612039 16 639522 654844
251. 7 1456443 1462624 10 615569 619758 16 655137 657341
252. 7 1462850 1470593 2 138344 145731 10 620747 623006
253. 7 1466503 1493431 2 125128 142871 10 629579 640445
254. 7 1498154 1562237 10 95090 133932 11 113220 145383
255. 7 1563386 1624307 5 410185 433954 7 122699 173085
256. 7 1625324 1632898 7 763767 773691 16 837905 844016
257. 7 1652252 1679685 13 483013 502733 11 179672 200163
258. 7 1686000 1712151 10 315754 335696 2 738577 746106
259. 7 1710873 1750900 10 299152 316975 2 757616 777850
260. 7 1747217 1776443 10 278836 302844 11 458567 478475
261. 7 1778142 1813728 7 306563 323233 2 698349 720599
262. 7 1829995 1837770 7 824064 828582 7 405779 412163
