>Skluyveri$
1. 1 2 3 4 5 6 7 8 9 10 11 12 13 14 15 16 17 18 19 20 21 22 23 24 25 26 27 $
2. 28 29 30 31 32 33 34 35 36 37 38 39 40 41 42 43 44 45 46 47 48 49 50 51 52 $
3. 53 54 55 56 57 58 59 60 61 62 63 64 65 66 67 68 69 70 71 72 73 74 75 76 77 78 $
4. 79 80 81 82 83 84 85 86 87 88 89 90 91 92 93 94 95 96 97 98 99 100 101 102 103 104 105 106 107 108 109 110 111 112 113 114 115 116 117 118 119 $
5. 120 121 122 123 124 125 126 127 128 129 130 131 132 133 134 135 136 137 138 139 140 141 142 143 144 145 146 147 148 149 150 151 152 153 154 155 156 157 158 159 160 161 162 163 164 $
6. 165 166 167 168 169 170 171 172 173 174 175 176 177 178 179 180 181 182 183 184 185 186 187 188 189 190 191 192 193 194 195 196 197 198 199 200 201 202 $
7. 203 204 205 206 207 208 209 210 211 212 213 214 215 216 217 218 219 220 221 222 223 224 225 226 227 228 229 230 231 232 233 234 235 236 237 238 239 240 241 242 243 244 245 246 247 248 249 250 251 252 253 254 255 256 257 258 259 260 261 262 263 264 265 266 267 $
8. 268 269 270 271 272 273 274 275 276 277 278 279 280 281 282 283 284 285 286 287 288 289 290 291 292 293 294 295 296 297 298 299 300 301 302 303 304 305 306 307 308 309 310 311 312 313 314 315 316 317 318 319 320 321 322 323 324 325 326 327 328 329 330 331 332 333 334 $

>Scastellii$
1001. -72 $
1002. -92 -91 $
1004. 20 -19 -18 $
1005. -34 $
1006. -153 -152 -151 -150 -149 $
1007. -323 235 230 239 $
1008. 248 $
1009. -41 $
1010. -61 $
1011. -15 122 $
1013. 246 $
1014. -185 -184 -197 183 193 194 195 196 $
1015. -266 -265 -264 $
1017. 21 22 $
1018. 22 $
1019. -48 $
1020. 53 54 267 $
1022. -238 -237 -229 -322 -321 -320 $
1023. -247 $
1025. -332 -257 -256 $
1027. 313 314 -315 -331 329 $
1028. -138 -137 -136 -135 273 274 $
1029. 30 -31 $
1030. -326 -325 -324 -323 36 -279 -278 $
1031. 244 245 246 247 248 $
1032. 122 123 241 242 243 $
1033. -75 -74 -73 $
1034. -127 -126 -119 $
1035. -100 73 $
1036. 209 210 $
1038. -311 -310 -309 -308 -307 305 306 $
1039. 32 -308 $
1040. -132 -47 -46 -131 -130 -214 -213 -212 -211 -174 177 24 25 48 $
1041. 133 134 -272 236 269 270 271 -235 -234 232 233 $
1042. -90 -89 $
1043. 194 $
1044. -54 -53 $
1045. -174 177 46 -119 -118 -47 $
1046. 124 -268 $
1047. 286 -283 85 86 $
1048. -252 -275 251 276 $
1049. 17 18 19 $
1050. 237 -238 -23 -121 239 240 $
1051. 87 39 -38 -37 280 281 282 -84 -83 -82 -81 -80 $
1052. -37 280 $
1053. 139 140 141 142 $
1054. -145 144 $
1055. 21 191 -192 198 57 199 -200 201 202 $
1056. 105 103 104 -97 95 96 -94 -93 -92 -91 -62 $
1057. 205 -220 262 263 $
1058. 55 56 57 58 11 12 13 14 233 234 231 232 -236 $
1059. -164 -163 203 204 205 -220 -219 -218 -217 -216 7 8 $
1060. -52 -261 -260 -259 -258 317 $
1061. 304 305 306 67 63 64 30 31 -330 -329 318 $
1062. -212 $
1063. 23 -124 -121 -120 $
127. 316 $
2000. -162 -161 -160 $
2001. -268 269 270 271 272 273 -274 $
2002. 182 183 184 185 186 187 188 189 190 191 -192 $
2003. 43 -42 -41 -40 88 89 90 64 71 -44 -28 -63 -67 -66 -65 -70 $
219. -120 $
241. -224 $
248. -123 $
342. -243 $
343. 42 $
373. -222 $
378. 25 $
400. -334 $
416. 190 $
417. 159 $
431. -249 $
453. 250 $
458. -9 $
459. 311 $
465. -16 $
472. 99 $
474. -102 $
476. 58 $
485. -79 $
488. 101 $
489. -24 $
490. 126 $
491. -162 $
497. 82 $
502. 68 $
506. 303 $
510. -195 $
518. 69 $
519. 28 29 $
520. 181 182 $
522. -176 72 $
525. -117 $
527. 328 $
528. -312 $
532. -10 $
536. -62 $
537. 193 $
539. -118 $
541. -223 -222 $
542. -56 -266 $
547. -258 -257 $
549. -110 $
555. -312 $
558. 100 $
559. 253 254 255 $
560. 111 50 $
562. 297 $
565. 180 $
566. 65 66 307 $
567. 294 $
568. 295 296 $
573. 98 $
575. -319 $
576. -310 -309 $
577. 175 $
578. 153 $
580. -206 221 $
581. -68 $
582. -61 $
583. 146 109 110 111 $
584. 227 228 -225 $
585. 75 76 $
587. 55 $
588. -228 229 230 231 $
589. -78 -77 $
595. 249 250 $
596. 300 $
600. 302 $
602. -32 -318 -330 $
604. -333 -332 317 $
605. -289 288 -287 $
608. 112 $
610. -201 200 $
613. 138 139 140 -142 -141 $
614. -179 $
616. -128 -127 $
617. -245 -244 $
618. -105 98 $
619. 117 $
620. -242 -241 240 $
621. 328 $
622. 333 334 $
623. 313 -135 -134 $
625. 26 115 -6 -5 $
626. -81 79 80 $
628. 69 267 106 107 108 109 $
629. -3 -2 -1 $
630. 2 $
631. -202 $
634. -59 $
635. -74 -40 88 $
639. -327 34 $
640. 284 285 $
641. 213 214 215 116 $
646. 223 224 225 226 227 $
648. 319 320 204 $
649. -265 -264 -263 50 51 262 -49 $
651. -60 $
653. -283 -282 -281 $
654. -158 -157 $
658. -207 -206 221 $
660. 128 129 -215 -217 -219 -218 216 -51 $
664. 291 -292 293 $
666. 154 155 156 $
668. -327 -324 -326 -325 33 125 $
671. 143 144 145 146 147 148 $
672. 196 197 198 199 $
673. -181 -180 -179 27 125 -114 $
675. 95 96 -94 -93 $
676. 208 -172 -171 -170 -169 $
677. -161 -160 -159 -158 -103 $
679. -301 -300 299 -298 $
682. 301 302 303 304 $
683. 35 36 -279 -278 -277 $
686. -226 -20 $
687. 165 166 167 168 $
689. 59 60 $
694. -152 -151 -150 -149 -148 -106 147 $
695. 143 99 -101 -27 -114 -113 108 102 -107 $
696. 38 39 -87 -86 -85 -84 -83 $
697. 97 -104 -157 -156 -155 -154 321 $
700. -290 -289 284 285 286 287 -288 $
701. 186 -188 -187 189 $
702. -35 -322 -203 163 164 $
705. 173 -178 -45 -44 -43 $
709. 175 -176 -113 -112 -49 -116 -115 -26 $
710. -137 -136 -33 -314 315 316 331 70 $
712. 165 166 167 168 169 170 $
714. 207 208 209 210 211 $
716. 171 -173 172 -178 -45 -78 -77 -76 71 29 $
719. -277 -276 -275 251 252 253 254 255 256 259 260 -52 -261 $
720. -17 -16 -15 -14 8 9 10 11 12 13 -7 -6 -5 -4 -3 1 $
721. 290 291 292 293 294 295 296 297 298 299 -133 -132 -131 -130 -129 4 $


# markers coordinates
1. 1 45284 64456 629 28780 35460 720 224907 239929
2. 1 64588 107737 629 13663 27312 630 3 24421
3. 1 108508 127061 629 3 12353 720 208092 222395
4. 1 129065 137636 721 276863 279149 720 205161 207995
5. 1 137799 172292 625 39854 46382 720 175262 201018
6. 1 173811 220367 720 154966 173488 625 22648 39348
7. 1 220643 267465 1059 173181 204044 720 124040 154654
8. 1 270179 286587 720 45759 54441 1059 204219 212087
9. 1 285286 307840 720 53038 60914 458 3 9046
10. 1 319246 333627 720 64517 77013 532 13817 15713
11. 1 325078 341714 720 69320 83458 1058 115088 117273
12. 1 341196 395896 1058 116764 143346 720 85877 116621
13. 1 397689 410927 1058 143538 149690 720 116875 123057
14. 1 412103 440349 720 28461 45453 1058 150148 159771
15. 1 446435 488897 1011 171 25008 720 7048 28207
16. 1 489032 501624 465 1173 8514 720 2174 6892
17. 1 500413 525335 720 3 3292 1049 1 14911
18. 1 528556 541662 1049 15177 23936 1004 56319 60805
19. 1 543144 605668 1004 15870 56209 1049 24176 51626
20. 1 620230 650987 1004 1 15803 686 31629 50745
21. 1 655412 672086 1055 20669 33004 1017 3647 7128
22. 1 674027 710892 1018 9101 30784 1017 8424 24677
23. 1 744212 750841 1063 825 5941 1050 47168 50112
24. 1 804106 825036 489 1464 12060 1040 189639 194086
25. 1 831930 849785 1040 197982 208961 378 2 2516
26. 1 860675 882691 709 112956 125390 625 3931 14350
27. 1 894334 910298 695 22493 39095 673 19522 23449
28. 2 51813 61643 2003 222120 226375 519 1661 7317
29. 2 57801 70085 519 3302 14194 716 137109 142903
30. 2 89966 226200 1061 118625 190610 1029 12889 42842
31. 2 212226 243307 1061 177334 201417 1029 51858 55884
32. 2 268632 291711 602 388 5470 1039 3 15861
33. 2 307830 315527 668 24771 29939 710 21269 25636
34. 2 334446 379666 1005 100 17565 639 11788 33736
35. 2 395136 406465 683 5696 9883 702 20884 25854
36. 2 405416 435833 683 9056 20811 1030 41576 60131
37. 2 439233 451226 1052 1 5750 1051 46676 52425
38. 2 447273 519343 1051 6405 50494 696 518 30320
39. 2 524855 536068 696 34295 44485 1051 3878 6017
40. 2 541499 577444 635 18754 34855 2003 86071 108652
41. 2 578075 663681 1009 122 49019 2003 50431 85300
42. 2 665351 669746 2003 46458 50226 343 3 1663
43. 2 668304 734733 705 96318 122788 2003 9783 47987
44. 2 745738 774779 705 80682 96066 2003 206432 219781
45. 2 766719 796171 705 66665 89496 716 84056 93541
46. 2 805816 879473 1045 20878 56241 1040 30357 76016
47. 2 878502 890509 1040 23794 31121 1045 97306 107353
48. 2 906415 946984 1019 3 16583 1040 228518 240536
49. 2 971780 1008706 649 39880 57793 709 46604 67514
50. 2 1025700 1035996 560 16937 22339 649 16395 23871
51. 2 1037786 1047285 660 60645 68590 649 24071 27364
52. 2 1047724 1069141 719 184811 188966 1060 4131 22431
53. 3 37529 79085 1044 43041 66769 1020 20975 32447
54. 3 81284 129794 1044 6839 42277 1020 32483 52010
55. 3 159782 218128 1058 1972 28475 587 2031 26570
56. 3 273511 304898 1058 52041 71054 542 2623 5062
57. 3 309787 336520 1058 71994 92963 1055 70590 73358
58. 3 332124 348232 1058 88918 96792 476 5500 6597
59. 3 409345 463257 634 3 36817 689 1 29028
60. 3 463491 554122 651 21091 55369 689 29532 73678
61. 3 608274 622213 1010 3106 5444 582 10156 18760
62. 3 658247 671887 536 2218 7883 1056 170156 173845
63. 3 673183 689395 1061 82593 92810 2003 231563 237850
64. 3 698084 720157 1061 102223 118373 2003 179239 187733
65. 3 752508 757125 2003 260947 262140 566 2803 6777
66. 3 758536 780068 566 6906 11306 2003 254660 260773
67. 3 777053 809517 2003 240152 257594 1061 67130 82122
68. 3 865789 879239 502 6054 11035 581 3 4411
69. 3 888944 898747 628 251 7741 518 4474 8982
70. 3 909553 952876 710 100893 127975 2003 266476 291443
71. 3 956666 1008849 2003 197237 206145 716 117828 136824
72. 3 1026123 1040104 1001 17433 28138 522 5655 11729
73. 3 1083684 1127029 1033 21167 49831 1035 28469 44988
74. 3 1128690 1149165 635 50 14494 1033 10369 20818
75. 3 1147438 1162676 1033 3058 12141 585 1 8033
76. 3 1156990 1173340 585 2305 15009 716 115334 117591
77. 3 1177358 1187381 589 18757 23585 716 106848 113197
78. 3 1192946 1216509 716 93754 106570 589 396 12419
79. 4 21608 34258 485 1 4420 626 12002 21258
80. 4 29895 59086 626 16689 31528 1051 137885 148062
81. 4 60876 64798 626 383 3950 1051 133733 137487
82. 4 74360 81170 497 377 3971 1051 130479 133155
83. 4 98188 115264 696 87796 96173 1051 118806 126134
84. 4 117178 128177 696 81779 87713 1051 112512 118263
85. 4 128435 160355 696 64961 77251 1047 32938 55339
86. 4 161023 175895 696 54948 63649 1047 58254 64317
87. 4 185390 195464 696 47514 53992 1051 245 2799
88. 4 200047 227027 635 36068 39102 2003 109379 124463
89. 4 208093 247254 2003 113146 133595 1042 70463 82722
90. 4 259895 363961 2003 141368 178691 1042 538 56761
91. 4 372598 397624 1056 155581 164791 1002 15938 28103
92. 4 402641 460244 1056 108455 151732 1002 1 15530
93. 4 466639 479756 1056 99770 106896 675 56681 66863
94. 4 481745 524490 675 38670 56513 1056 78595 99481
95. 4 544709 587293 1056 42879 68238 675 11317 23096
96. 4 587676 602505 675 27573 37645 1056 68395 73749
97. 4 602669 622535 697 461 8896 1056 33452 38285
98. 4 627469 661291 618 13206 22388 573 3 12078
99. 4 695101 706424 472 356 8275 695 11173 16820
100. 4 710822 722937 1035 164 10044 558 1880 4975
101. 4 726095 730999 488 1202 5272 695 17005 19140
102. 4 734328 742781 474 3 5082 695 86081 88429
103. 4 784368 797372 677 61631 71866 1056 16198 20360
104. 4 803363 836897 1056 20796 33201 697 10324 18366
105. 4 840096 866431 1056 2174 15529 618 2125 10044
106. 4 867394 887689 694 66241 74562 628 28744 40256
107. 4 888612 901309 628 41065 46006 695 88748 92722
108. 4 896563 904450 628 42621 46434 695 81857 83978
109. 4 904673 920452 583 5617 17383 628 47066 52865
110. 4 928230 941777 549 1101 10580 583 17896 20548
111. 4 953470 962018 583 22341 27854 560 2385 4401
112. 4 979538 1021406 608 559 23710 709 31626 44243
113. 4 1023219 1047274 695 64722 80665 709 25634 28995
114. 4 1036027 1090266 695 41109 70338 673 33737 59342
115. 4 1113205 1121809 709 88357 95760 625 16943 22235
116. 4 1123716 1152865 709 71526 87959 641 42983 53117
117. 4 1161815 1173379 525 305 4734 619 22696 29203
118. 4 1173584 1192623 539 931 12139 1045 82903 94089
119. 4 1192788 1241199 1034 19138 36653 1045 58771 82547
120. 5 53894 70787 1063 25888 32702 219 1 1409
121. 5 68682 77132 1063 23422 27970 1050 60290 63717
122. 5 131246 147948 1032 7340 15186 1011 25406 28518
123. 5 147544 150661 1032 14791 17070 248 2 1372
124. 5 158331 169025 1046 938 7403 1063 15575 22878
125. 5 175820 191207 673 25002 32153 668 36495 47855
126. 5 199899 209704 490 2465 8355 1034 8425 12920
127. 5 215596 232859 1034 269 6840 616 21344 28012
128. 5 228726 254885 616 9747 25729 660 2 14394
129. 5 242852 266708 660 2633 19017 721 270823 275918
130. 5 267317 301217 1040 82216 101531 721 245151 270799
131. 5 299396 311181 721 237544 246644 1040 76242 80039
132. 5 313098 346798 721 209354 237207 1040 746 11994
133. 5 346184 375750 721 194666 210130 1041 2 12299
134. 5 371917 393859 1041 8316 19239 623 23750 31119
135. 5 394898 445679 1028 17035 38761 623 4636 21744
136. 5 444630 453766 1028 13509 18078 710 9067 11502
137. 5 457263 471460 1028 2143 7878 710 1092 8972
138. 5 474594 487482 613 2 9403 1028 1 2022
139. 5 478915 524982 613 1926 17787 1053 191 28598
140. 5 491382 534358 1053 3488 33810 613 11798 20301
141. 5 538263 550347 1053 43123 48269 613 33636 40752
142. 5 550449 574932 613 22703 30328 1053 48702 59985
143. 5 592229 603921 695 163 7947 671 8465 15505
144. 5 609285 627441 671 16759 25610 1054 8586 26548
145. 5 628373 641483 1054 12 5613 671 26780 31533
146. 5 642672 651598 671 32577 37803 583 2 4821
147. 5 651917 667213 694 80723 86798 671 38073 46392
148. 5 661554 709093 671 40385 65350 694 44276 66068
149. 5 716961 734409 1006 44345 60843 694 36546 39182
150. 5 747085 760290 1006 36322 43949 694 20240 27643
151. 5 765587 775353 1006 32354 35450 694 12978 19937
152. 5 767385 786710 694 8935 17923 1006 28553 33577
153. 5 786794 842486 578 2488 28229 1006 3 28109
154. 5 851255 902038 697 57727 85472 666 1306 26207
155. 5 902623 931697 666 27603 44368 697 45422 57628
156. 5 923227 954182 697 40295 53542 666 46048 63890
157. 5 963453 1015787 654 26039 58191 697 19763 37982
158. 5 1014279 1052215 654 3 27547 677 47941 60139
159. 5 1054345 1062224 677 43904 47423 417 152 4521
160. 5 1062422 1110476 2000 43331 82205 677 14116 43688
161. 5 1110895 1137956 2000 23557 42044 677 1423 13786
162. 5 1131375 1167664 2000 1 29664 491 2252 10603
163. 5 1191449 1266277 1059 26683 70246 702 82048 112853
164. 5 1263977 1275489 702 110592 115872 1059 12012 18222
165. 6 43540 106500 687 20006 39115 712 8267 44093
166. 6 107568 132683 687 40346 60509 712 44363 57803
167. 6 135919 154055 712 69157 83330 687 60831 62190
168. 6 154310 172513 712 85785 92342 687 62410 78650
169. 6 172863 181723 676 57563 64155 712 93228 96580
170. 6 182707 233227 712 98044 130532 676 33393 54930
171. 6 232715 245394 676 29051 33944 716 985 8181
172. 6 245957 268311 716 23571 35148 676 15698 27972
173. 6 268689 307018 705 3 24463 716 13243 23118
174. 6 331544 336690 1045 6381 8637 1040 175732 177455
175. 6 351154 373786 577 1 13419 709 2203 11945
176. 6 396225 404012 522 2392 5412 709 14762 21837
177. 6 420136 430324 1040 178384 184327 1045 9366 14659
178. 6 436495 528104 716 36637 83372 705 24842 66487
179. 6 531394 535008 673 17500 19378 614 299 1494
180. 6 541680 569999 673 6519 15849 565 4698 19392
181. 6 569205 572996 673 4979 7310 520 3 861
182. 6 583246 598201 520 5947 14448 2002 287 3943
183. 6 603192 632756 2002 9003 23462 1014 72608 79624
184. 6 631896 652684 2002 22512 35884 1014 20480 28269
185. 6 640436 664506 2002 27123 43222 1014 2 21373
186. 6 664940 730611 701 566 49963 2002 43430 77062
187. 6 732602 745562 701 53212 64081 2002 77261 83401
188. 6 746292 753587 2002 84746 86449 701 50535 52971
189. 6 753930 803338 2002 87138 111621 701 64525 94323
190. 6 805366 816403 416 242 1883 2002 112728 121721
191. 6 824192 850949 2002 124390 146202 1055 33781 39223
192. 6 856966 871981 1055 39569 49214 2002 146534 153968
193. 6 878709 919763 1014 80264 96969 537 6811 15109
194. 6 894080 993311 1014 86206 139567 1043 3376 45198
195. 6 988160 1016037 1014 134444 148274 510 1 13048
196. 6 1016829 1072329 1014 150066 168586 672 1 28250
197. 6 1065165 1110489 672 20567 43779 1014 33028 55496
198. 6 1112265 1147753 1055 50091 70443 672 44690 60087
199. 6 1146158 1155436 672 59221 62323 1055 75659 78855
200. 6 1196694 1208667 1055 83232 88864 610 27225 32945
201. 6 1217419 1280950 1055 96680 138640 610 2 24832
202. 6 1280559 1302931 1055 138257 142145 631 24222 43824
203. 7 49770 83983 702 50260 81884 1059 70466 86599
204. 7 85126 102153 648 34940 49254 1059 87434 99953
205. 7 102395 149529 1057 748 24608 1059 100285 125822
206. 7 150598 161150 580 5804 13213 658 25884 32286
207. 7 166103 201538 714 50 11315 658 3 24440
208. 7 201924 229359 676 43 15617 714 11828 25656
209. 7 228664 359993 714 24862 108782 1036 1050 60608
210. 7 362111 389743 714 108938 118359 1036 60897 73595
211. 7 400351 423985 1040 156263 168344 714 120450 129294
212. 7 424575 442030 1062 770 7528 1040 146244 156206
213. 7 438113 485166 1040 123776 150035 641 524 20064
214. 7 483079 515944 1040 102425 125755 641 22404 36529
215. 7 516237 524403 660 19276 22967 641 36831 42471
216. 7 525076 534624 660 53224 58739 1059 166059 168882
217. 7 533944 559117 1059 154562 166760 660 22969 30378
218. 7 554352 577139 1059 148547 157641 660 40503 52830
219. 7 578306 591308 660 31366 40247 1059 139329 144465
220. 7 589776 607388 1059 128076 141242 1057 24828 35255
221. 7 607654 635964 580 13333 17238 658 32478 51474
222. 7 649984 658200 541 6196 9380 373 179 3151
223. 7 660605 673051 646 2 1600 541 1 5779
224. 7 681957 695903 241 2 1225 646 2309 10381
225. 7 692376 738885 646 7012 34924 584 5800 29152
226. 7 737236 786397 646 33372 43512 686 1 12505
227. 7 786620 792552 584 151 3544 646 44023 46300
228. 7 791734 804121 584 2702 5612 588 2362 6703
229. 7 816413 827097 1022 29760 31883 588 6869 13681
230. 7 827221 837639 1007 40197 43720 588 13854 22594
231. 7 832000 853260 588 17610 30307 1058 198807 203916
232. 7 853800 866707 1041 130884 137361 1058 204050 207403
233. 7 862958 881582 1041 133624 143733 1058 174688 178065
234. 7 881702 902383 1041 102798 118986 1058 178202 183173
235. 7 908030 925708 1007 16158 31759 1041 96036 100188
236. 7 989965 1000816 1041 31701 38754 1058 207652 210742
237. 7 1024218 1031466 1022 3790 6349 1050 13660 16891
238. 7 1034186 1050401 1022 2 3066 1050 16982 20601
239. 7 1108751 1136645 1050 66547 76559 1007 67324 81751
240. 7 1135994 1147456 1050 75978 78262 620 18724 27020
241. 7 1160994 1177030 620 7525 14622 1032 21653 29287
242. 7 1169772 1188683 1032 25283 33343 620 1 4681
243. 7 1183028 1197101 1032 29786 37119 342 1 1752
244. 7 1209734 1222578 1031 4012 9721 617 12690 16582
245. 7 1222838 1238779 617 6953 11292 1031 9916 15515
246. 7 1243126 1261233 1013 2 8235 1031 19614 27655
247. 7 1260070 1276699 1031 26303 33175 1023 2359 5897
248. 7 1288241 1295523 1008 2889 8697 1031 35718 39558
249. 7 1323190 1332211 595 2906 8331 431 426 3774
250. 7 1329020 1347423 595 4969 21668 453 219 4241
251. 7 1349161 1371352 719 48879 61810 1048 12002 26344
252. 7 1370256 1384366 719 60447 69816 1048 3821 8612
253. 7 1401850 1421530 559 826 8580 719 78400 89521
254. 7 1426974 1442168 559 12621 16761 719 95268 103780
255. 7 1443707 1449620 559 17216 19806 719 104681 109229
256. 7 1460454 1497582 1025 29039 43551 719 115795 140712
257. 7 1497928 1505471 547 8724 11813 1025 24819 28850
258. 7 1503342 1515795 547 1628 10724 1060 79371 86820
259. 7 1514467 1570144 1060 43443 80456 719 147585 169434
260. 7 1572224 1600632 1060 27242 42926 719 169588 182624
261. 7 1599697 1622211 1060 23123 28282 719 189114 203304
262. 7 1627709 1638108 649 27547 33445 1057 39120 44798
263. 7 1638827 1653351 649 6786 11946 1057 45664 53011
264. 7 1650328 1659034 649 4031 8962 1015 20998 22849
265. 7 1656757 1666092 1015 15571 21279 649 1844 5599
266. 7 1664386 1690393 1015 205 17385 542 5136 14221
267. 7 1690766 1706417 628 8261 13887 1020 60053 73161
268. 8 47944 111949 1046 11232 44697 2001 5291 20678
269. 8 113946 143130 2001 20855 41466 1041 39547 51636
270. 8 141328 155316 2001 39958 43724 1041 53147 60388
271. 8 149724 168357 1041 56263 67917 2001 46391 50034
272. 8 168606 190973 1041 19724 31224 2001 50223 60026
273. 8 199589 242543 1028 49031 77303 2001 61840 77952
274. 8 242615 252157 2001 80541 86764 1028 80539 83595
275. 8 268843 280594 719 37836 48449 1048 9826 10883
276. 8 279163 295004 719 29709 39543 1048 26903 30842
277. 8 291464 331380 719 546 33271 683 63694 76882
278. 8 344699 373807 683 43671 61125 1030 63481 74112
279. 8 376399 401858 683 21190 42854 1030 62115 63316
280. 8 402212 453713 1051 52869 72039 1052 6043 32421
281. 8 454375 488639 653 45042 62791 1051 72152 84969
282. 8 486897 513045 1051 82975 107499 653 34737 43359
283. 8 510519 564412 653 5427 37340 1047 10907 32517
284. 8 580650 628692 640 3 33313 700 45079 68859
285. 8 627688 640090 700 67750 73855 640 35225 43908
286. 8 640522 658010 1047 463 10068 700 74365 83152
287. 8 658366 683362 605 26081 34259 700 83269 100323
288. 8 689115 699673 605 17517 25536 700 101297 103797
289. 8 702292 747723 605 560 16959 700 14314 39306
290. 8 750494 793534 721 2 25912 700 173 13610
291. 8 796939 872904 664 1982 48194 721 26163 63200
292. 8 877895 898776 721 63445 71905 664 48468 54806
293. 8 902190 917738 721 72186 82496 664 57517 59745
294. 8 916086 974929 721 80901 110447 567 2 24161
295. 8 977074 992292 568 1056 12170 721 110845 117197
296. 8 994049 1010063 568 12710 25478 721 118202 121649
297. 8 1010684 1072812 562 126 21001 721 121914 152064
298. 8 1071082 1091797 721 150247 166949 679 52908 63064
299. 8 1093542 1125670 679 39172 47927 721 167404 190766
300. 8 1138536 1182199 596 4697 27652 679 11372 38817
301. 8 1174638 1212855 679 1346 19608 682 590 16562
302. 8 1213167 1293633 682 18149 58226 600 16759 29669
303. 8 1291462 1308764 682 56025 64208 506 2070 14091
304. 8 1303250 1321758 682 58632 71573 1061 2 4368
305. 8 1322030 1349828 1038 98375 115503 1061 4433 11515
306. 8 1350297 1406413 1061 12040 41510 1038 117204 147905
307. 8 1430654 1446371 566 11667 23042 1038 89437 97184
308. 8 1450828 1592208 1039 16703 94276 1038 34393 89151
309. 8 1592937 1609323 576 12608 24727 1038 21018 33836
310. 8 1607260 1626371 1038 13644 22844 576 2 7830
311. 8 1626899 1645153 459 193 6882 1038 915 12964
312. 8 1646518 1678100 555 1 19715 528 5252 15159
313. 8 1683752 1689527 1027 3171 7955 623 803 4642
314. 8 1690078 1710204 710 26602 35154 1027 8320 14999
315. 8 1710894 1727704 1027 20750 26375 710 41409 53329
316. 8 1721654 1739987 710 47271 64675 127 3 556
317. 8 1752241 1770236 604 18638 26083 1060 88912 94692
318. 8 1770946 1785380 602 11426 14874 1061 232687 240424
319. 8 1817259 1846123 575 1175 17612 648 19150 22938
320. 8 1848202 1880471 648 23808 34389 1022 56678 63218
321. 8 1877976 1891295 1022 51309 58741 697 86011 89551
322. 8 1886001 1922841 1022 38791 56431 702 31432 48921
323. 8 1923392 1947177 1007 1882 15692 1030 37309 40270
324. 8 1949474 1986920 1030 9972 37080 668 13412 15562
325. 8 1988530 1996207 668 17352 24517 1030 7749 9970
326. 8 1993614 1999423 668 16222 20128 1030 272 1293
327. 8 2005986 2016739 668 7181 13130 639 8418 10880
328. 8 2035445 2053406 621 21808 32171 527 2491 10966
329. 8 2118553 2143020 1027 42227 55745 1061 218507 223290
330. 8 2143299 2171043 602 22058 31281 1061 201603 215775
331. 8 2173042 2209223 710 65757 96757 1027 29385 40596
332. 8 2209672 2254365 1025 4025 23175 604 1680 18192
333. 8 2256842 2266113 604 1 1420 622 3 7236
334. 8 2276005 2287333 622 7679 16710 400 3 2603
