>Zrouxii$
1. 1 2 3 4 5 6 7 8 9 10 11 12 13 14 15 16 17 18 19 20 21 22 23 24 25 26 27 28 29 30 31 32 33 34 35 36 37 38 39 40 41 42 43 $
2. 44 45 46 47 48 49 50 51 52 53 54 55 56 57 58 59 60 61 62 63 64 65 66 67 68 69 70 71 72 73 74 75 76 77 78 79 80 81 82 83 84 85 86 87 88 89 $
3. 90 91 92 93 94 95 96 97 98 99 100 101 102 103 104 105 106 107 108 109 110 111 112 113 114 115 116 117 118 119 120 121 122 123 124 125 126 127 128 129 130 131 132 133 134 135 136 137 138 139 140 141 142 143 144 145 146 147 148 $
4. 149 150 151 152 153 154 155 156 157 158 159 160 161 162 163 164 165 166 167 168 169 170 171 172 173 174 175 176 177 178 179 180 181 182 183 184 185 186 187 188 189 190 191 192 193 194 195 196 197 198 199 200 $
5. 201 202 203 204 205 206 207 208 209 210 211 212 213 214 215 216 217 218 219 220 221 222 223 224 225 226 227 228 229 230 $
6. 231 232 233 234 235 236 237 238 239 240 241 242 243 244 245 246 247 248 249 250 251 252 253 254 255 256 257 258 259 260 261 262 263 264 265 266 267 268 269 270 271 272 273 274 275 276 277 278 $
7. 279 280 281 282 283 284 285 286 287 288 289 290 291 292 293 294 295 296 297 298 299 300 301 302 303 304 305 306 307 308 309 310 311 312 313 314 315 316 317 318 319 320 321 322 323 324 325 326 327 328 329 330 331 332 333 334 335 336 337 338 339 340 341 342 343 344 345 346 347 348 349 350 351 352 353 354 355 356 $

>Scastellii$
1001. 14 15 $
1002. -235 -159 $
1004. 105 139 333 354 355 $
1005. -41 $
1006. -142 -141 4 5 $
1007. -315 -335 -135 70 $
1008. -233 $
1009. -143 -326 $
1010. -157 $
1011. 307 -113 $
1013. -320 $
1014. 116 -197 -340 -267 196 262 50 51 52 266 $
1015. 150 201 202 $
1017. -191 -190 $
1018. -190 $
1019. -161 $
1020. -278 -277 -149 $
1022. -39 136 -314 -313 -312 $
1023. 234 $
1025. 306 -45 -81 -80 $
1027. 302 -310 309 -347 345 $
1028. 26 27 28 29 -128 -127 -268 $
1029. 238 -239 $
1030. -318 -317 -316 -315 -65 -64 -63 $
1031. -322 -321 -320 -234 -233 $
1032. -113 -323 $
1033. -98 -97 -96 -95 $
1034. -349 290 90 $
1035. 214 61 95 96 $
1036. 283 -294 49 182 183 $
1038. 72 73 74 75 -94 -167 -166 -258 -257 165 $
1039. -240 75 -94 -167 $
1040. 32 -350 -282 164 286 -187 -186 -185 -184 293 47 48 291 161 $
1041. -31 -30 -171 38 169 170 335 336 -338 -337 $
1042. -13 -12 -232 221 324 $
1043. 50 $
1044. 277 278 $
1045. 293 282 -164 90 91 -163 $
1046. -112 -168 93 $
1047. -246 249 263 -329 -328 $
1048. -77 $
1049. -355 -354 -333 -139 $
1050. 39 189 -114 70 71 $
1051. -327 -265 92 334 20 21 -254 -264 330 140 -3 -2 $
1052. 334 20 $
1053. -25 250 $
1054. 156 -7 $
1055. -114 -191 261 341 -274 342 343 -152 -151 $
1056. -281 -280 -279 68 351 352 353 -235 -159 -158 $
1057. -86 -126 -125 -204 -203 $
1058. -276 -275 -274 -222 -133 -308 -337 -336 -134 -339 -338 -38 $
1059. -89 -88 301 -331 -40 -87 -86 -126 -125 -19 111 107 -226 -225 $
1060. -67 -66 -83 -82 -44 $
1061. -269 -258 -257 165 -55 -54 -18 238 239 -346 -345 207 $
1062. -185 $
1063. -189 112 $
127. -132 $
2000. -273 -124 -123 -122 $
2001. 93 168 169 170 171 128 -127 268 $
2002. 195 196 197 -116 117 118 119 120 243 244 261 $
2003. -145 -144 -143 -326 -325 -324 -221 232 12 13 -18 -17 -16 -146 -236 54 55 56 57 58 $
342. 323 $
343. 144 $
373. -23 $
378. 48 $
400. 304 $
416. 244 $
417. 121 $
431. 85 $
453. -84 $
458. 224 $
459. -72 $
465. 289 $
472. -215 $
474. -212 $
485. -1 $
488. -213 $
489. -47 $
490. -291 -290 $
491. -273 -124 $
497. -140 $
502. -60 $
506. -270 $
510. -51 $
518. -59 $
519. 236 237 $
520. 194 195 $
522. 176 -15 $
525. -162 $
527. -356 $
528. 332 $
532. 223 $
536. -158 $
537. 262 $
539. 91 -163 $
541. -24 -23 $
542. 275 150 201 $
547. -82 -81 $
549. 208 $
555. 332 $
558. -214 $
559. 78 79 $
560. -206 $
562. 11 -36 $
565. 193 $
566. -57 -56 166 $
567. -252 $
568. -251 10 $
573. -216 $
575. -311 $
576. 73 74 $
577. -292 $
578. 142 $
580. 22 $
581. 60 $
582. -157 61 $
583. -155 -209 -208 $
584. -138 -137 -180 $
585. 98 99 $
587. -276 $
588. 137 -136 -135 -134 339 $
589. -102 -101 -100 $
595. -85 -84 $
596. -104 $
600. -271 $
602. -240 -207 -346 $
604. 305 306 -45 -44 $
605. 259 260 245 $
608. 242 -296 $
610. 152 -343 $
613. -26 -25 -250 $
614. -192 $
616. 288 -349 $
617. 321 322 $
618. 281 -216 $
619. 162 $
620. 71 $
621. -356 303 $
622. -305 -304 $
623. 302 29 30 $
625. 217 218 219 -106 -175 -174 $
626. -3 1 2 $
628. -59 -149 -211 -210 -209 $
629. -172 129 199 200 $
630. -199 -129 $
631. 151 $
634. 198 130 148 $
635. -97 -325 $
639. -319 41 $
640. -248 -247 $
641. 186 187 188 220 $
646. 24 180 181 -179 -138 $
648. -303 311 312 -87 $
649. 202 203 -206 -205 -204 231 $
651. 344 115 $
653. 249 263 264 254 -21 $
654. 297 298 $
658. -255 22 $
660. -288 -287 -188 111 -19 205 $
664. -43 160 -253 $
666. 69 -300 -299 $
668. -319 316 -318 -317 241 -46 $
671. -8 -9 -7 -156 -155 -154 -153 -6 $
672. 52 266 267 340 341 342 $
673. -194 -193 -192 285 -46 -284 $
675. 351 352 353 $
676. 256 -178 -177 -348 -108 $
677. -123 -122 -121 297 280 $
679. 103 104 -33 34 35 $
682. -103 -271 -270 -269 $
683. 42 -65 -64 -63 -62 76 $
686. 179 -181 -105 $
687. -230 -229 -228 -227 $
689. -148 -130 -198 -115 -344 $
694. -141 4 5 6 153 211 -154 $
695. -9 -8 -215 213 -285 -284 295 212 210 $
696. -92 265 327 328 329 330 $
697. -68 279 298 299 300 -69 313 $
700. 272 -37 259 -248 -247 -246 -245 -260 $
701. 117 -119 -118 120 243 $
702. -42 -314 40 331 -301 88 89 $
705. 53 -110 109 -131 -147 -146 -145 $
709. -292 176 295 296 -242 231 -220 -219 -218 -217 $
710. 27 28 -241 310 -309 -132 347 -58 $
712. -230 -229 -228 -227 108 348 177 $
714. 255 256 283 -294 49 182 183 184 $
716. 178 110 -53 -109 -131 -147 -102 -101 -100 -99 16 237 -17 14 $
719. -62 76 77 78 79 80 83 66 -67 $
720. 289 307 308 -225 -224 -223 -222 -133 226 -107 -106 -175 -174 -173 -172 -200 $
721. 37 -272 -43 160 -253 -252 -251 10 11 -36 -35 -34 -33 31 32 -350 286 287 173 $


# markers coordinates
1. 1 27895 38292 626 12002 21258 485 1 2100
2. 1 33846 60503 626 16689 31528 1051 137885 148062
3. 1 62129 66078 626 383 3950 1051 133733 137487
4. 1 79473 90424 694 20240 27643 1006 36322 40621
5. 1 104605 120700 1006 44345 58161 694 36546 39182
6. 1 123559 148399 694 42696 60662 671 55840 65350
7. 1 152134 168519 671 16759 25610 1054 8586 26548
8. 1 171184 180214 671 8465 15505 695 3882 7947
9. 1 177325 183777 671 8465 11311 695 163 5465
10. 1 218642 228956 568 16324 25478 721 118202 121649
11. 1 229176 243149 562 126 8720 721 121914 127222
12. 1 245136 297086 1042 9608 48281 2003 150975 176394
13. 1 258942 305774 1042 538 34114 2003 155417 178691
14. 1 307915 327897 1001 1055 19382 716 158090 160499
15. 1 333829 345495 1001 19924 28138 522 5655 11729
16. 1 369397 396090 716 117828 136824 2003 197237 206145
17. 1 395608 407969 716 153960 157882 2003 189219 197623
18. 1 418443 438766 1061 102223 118373 2003 179239 187733
19. 1 441743 456959 660 40503 52830 1059 148547 153323
20. 1 464812 482379 1052 22635 32421 1051 61870 72039
21. 1 482390 501123 653 51402 62791 1051 72152 77686
22. 1 507164 545427 658 25884 51474 580 5804 17238
23. 1 548548 555185 541 6196 9380 373 179 3151
24. 1 556881 565136 646 2 1600 541 1 5779
25. 1 576600 627747 613 1926 20301 1053 191 33810
26. 1 625564 631733 613 2 4154 1028 1 2022
27. 1 632639 646500 710 1092 8972 1028 2143 7878
28. 1 647965 656726 710 9067 11502 1028 13509 18078
29. 1 655686 683711 1028 17035 38761 623 4636 21744
30. 1 684534 703824 1041 8316 19239 623 23750 31119
31. 1 699898 731838 1041 2 12299 721 194666 210130
32. 1 731224 736831 721 209354 215070 1040 746 4529
33. 1 745829 779131 721 167404 190766 679 39172 47927
34. 1 779501 789785 679 52908 60516 721 163504 166949
35. 1 786558 798506 679 57637 65109 721 150247 160932
36. 1 796638 825357 721 138321 152064 562 8874 21001
37. 1 846938 851625 721 2 2855 700 10577 13610
38. 1 861234 871780 1041 31701 38754 1058 207652 210742
39. 1 885779 915673 1022 2167 6349 1050 13660 20601
40. 1 923141 956263 1059 69509 85452 702 51707 83046
41. 1 970760 1001389 1005 100 16261 639 11788 33736
42. 1 1014651 1021401 683 5696 9883 702 20884 25854
43. 1 1025863 1070792 721 27914 57573 664 5363 32333
44. 2 39621 71578 1060 88912 99461 604 15544 27860
45. 2 65436 91647 604 6269 20560 1025 14364 23175
46. 2 93637 107989 668 36495 47855 673 25002 32153
47. 2 141627 160975 489 1464 12060 1040 189639 192221
48. 2 162068 180280 1040 197982 208961 378 2 2516
49. 2 190903 198021 1036 9698 15848 714 36854 38726
50. 2 199474 296415 1014 86206 139567 1043 3376 45198
51. 2 291458 316878 1014 134444 148274 510 1 13048
52. 2 318153 344430 1014 150066 162079 672 1 10225
53. 2 361427 377770 705 3 12183 716 15927 23118
54. 2 385611 404674 2003 231563 237850 1061 77446 92810
55. 2 398291 428220 1061 67130 83920 2003 240152 257594
56. 2 425528 435451 2003 254660 260773 566 6906 11306
57. 2 436273 440261 2003 260947 262140 566 2803 6777
58. 2 439692 486374 2003 261568 291443 710 100893 130088
59. 2 490609 501551 518 4474 13427 628 251 7741
60. 2 510866 524410 581 3 4411 502 2541 11035
61. 2 546314 556837 582 19714 28974 1035 23695 25474
62. 2 560990 576593 683 57622 67855 719 2 1631
63. 2 571581 591841 683 43671 61125 1030 63481 74112
64. 2 595114 613626 683 21190 40871 1030 62115 63316
65. 2 616796 634705 1030 43296 60131 683 13816 20811
66. 2 649685 672508 1060 27242 42926 719 169588 182624
67. 2 671570 697842 1060 21601 28282 719 186678 203304
68. 2 698409 712310 697 461 8896 1056 33452 38285
69. 2 737365 772036 666 1306 24015 697 63968 82652
70. 2 830311 859176 1050 66547 76559 1007 67324 81751
71. 2 858531 867417 1050 75978 78262 620 18724 27020
72. 2 884232 901257 459 193 6882 1038 915 12964
73. 2 902083 912303 576 2064 7830 1038 13644 22844
74. 2 910480 927056 1038 21018 33836 576 12608 24727
75. 2 927652 964677 1039 16703 44276 1038 34393 45979
76. 2 966138 999030 719 1886 32696 683 68365 76882
77. 2 996046 1053626 719 29709 68668 1048 3821 30842
78. 2 1067817 1086134 559 826 8580 719 80691 89521
79. 2 1089862 1108698 559 12621 19806 719 95268 109229
80. 2 1118006 1149471 1025 29039 43551 719 115795 140712
81. 2 1150640 1157864 547 8724 11813 1025 24819 28850
82. 2 1155798 1167115 547 1628 10724 1060 79371 86820
83. 2 1166042 1218466 1060 43443 80456 719 147585 169434
84. 2 1220207 1240027 595 4969 21668 453 219 4241
85. 2 1236361 1245684 595 2906 8331 431 426 3774
86. 2 1264558 1287128 1059 100285 113012 1057 748 10877
87. 2 1287361 1305005 648 34940 49254 1059 87434 99953
88. 2 1328001 1348227 702 103001 112853 1059 26683 35998
89. 2 1346152 1357641 702 110592 115872 1059 12012 18222
90. 3 25627 57955 1034 19138 36653 1045 58771 82547
91. 3 57212 67634 1045 81807 86229 539 931 7946
92. 3 69331 74693 696 518 3569 1051 39730 43599
93. 3 78422 88560 1046 37424 44697 2001 5291 9005
94. 3 101140 162273 1038 46514 78343 1039 44728 79345
95. 3 163475 189626 1033 25511 49831 1035 28469 36870
96. 3 190557 201648 1035 38158 44988 1033 21167 25236
97. 3 202013 220405 635 50 14494 1033 10369 20818
98. 3 218753 233104 1033 3058 12141 585 1 8033
99. 3 227574 241658 585 2305 15009 716 115334 117591
100. 3 245542 256547 589 18757 23585 716 106848 113197
101. 3 251449 264766 716 103901 111809 589 10353 15687
102. 3 259809 287002 716 93754 106570 589 396 12419
103. 3 296787 332005 682 590 24982 679 1346 19608
104. 3 324499 369435 679 11372 38817 596 4697 27652
105. 3 378230 396907 686 31629 43116 1004 2160 15803
106. 3 415683 419212 720 154966 157028 625 22648 25630
107. 3 419816 452729 1059 173181 194087 720 135275 154654
108. 3 452994 465542 676 52195 58366 712 95783 105862
109. 3 469220 472321 705 31326 34347 716 36637 39328
110. 3 475283 495555 716 9745 15678 705 12685 28447
111. 3 496188 513279 1059 156706 166760 660 22969 30378
112. 3 515264 534951 1046 938 10882 1063 9167 22878
113. 3 544388 557235 1032 7340 15186 1011 25406 28518
114. 3 595546 604671 1050 55538 59261 1055 2910 7930
115. 3 613635 619415 651 50435 54129 689 29532 32737
116. 3 619866 626455 2002 39379 41804 1014 3426 11935
117. 3 626690 686514 701 566 49963 2002 43430 77062
118. 3 688554 698046 701 53212 64081 2002 77261 84618
119. 3 698826 703064 2002 84746 86449 701 50535 52971
120. 3 703476 724627 2002 87138 104672 701 64525 76617
121. 3 728087 737981 677 43904 47423 417 152 4521
122. 3 738113 786076 2000 43331 82205 677 14116 43688
123. 3 786435 815924 2000 23557 42044 677 1423 13786
124. 3 809783 822353 2000 19891 29664 491 7256 10603
125. 3 859291 869550 1059 128076 136877 1057 24828 33735
126. 3 870329 884312 1059 116799 125822 1057 17228 24608
127. 3 886895 912147 2001 71401 77952 1028 57017 77303
128. 3 893960 924532 1028 49031 76345 2001 61840 65623
129. 3 933952 945028 629 13663 18996 630 12351 18214
130. 3 946320 968194 634 8556 28565 689 6176 20820
131. 3 968549 1028692 716 41135 81002 705 35801 60800
132. 3 1038600 1051200 710 51587 64675 127 3 556
133. 3 1054258 1066079 720 116875 123057 1058 143538 149690
134. 3 1082770 1091957 588 17610 26323 1058 198807 201130
135. 3 1087103 1096624 588 13854 22594 1007 40197 43720
136. 3 1096824 1104326 1022 29760 31883 588 6869 13681
137. 3 1114380 1123506 584 2702 5612 588 2362 6703
138. 3 1122694 1128428 584 151 3544 646 44023 46300
139. 3 1135755 1152928 1004 28417 44252 1049 44302 48040
140. 3 1154196 1165966 497 1149 7750 1051 126956 132089
141. 3 1166132 1179306 694 8935 17923 1006 28553 33577
142. 3 1179345 1224150 578 2488 25846 1006 4916 28109
143. 3 1224660 1269778 1009 122 26969 2003 50431 77637
144. 3 1270683 1274648 2003 46458 50226 343 3 1663
145. 3 1273302 1340165 705 93355 122788 2003 2922 47987
146. 3 1337739 1367068 705 80682 96066 2003 206432 219781
147. 3 1357940 1389724 705 65243 89496 716 81690 93541
148. 3 1390088 1400684 689 1 5876 634 28838 36817
149. 4 37639 51831 1020 60053 73161 628 8261 13887
150. 4 52186 59237 542 5136 9830 1015 205 2150
151. 4 77554 99616 631 24222 43824 1055 138257 142145
152. 4 99146 161517 1055 95277 138640 610 2 26514
153. 4 180577 197565 671 40385 55099 694 60984 66068
154. 4 191069 205503 671 38073 46392 694 80723 86798
155. 4 206320 215586 583 2 4821 671 32577 37803
156. 4 216145 229688 1054 12 4217 671 26780 31533
157. 4 259753 272869 1010 3106 5444 582 10156 18760
158. 4 292731 302992 536 2218 7883 1056 170156 173845
159. 4 310049 316468 1056 161255 164791 1002 22721 28103
160. 4 317703 333930 664 34488 46426 721 58052 63200
161. 4 362190 389789 1019 3 16583 1040 228518 240536
162. 4 392243 418429 619 5968 29203 525 305 8415
163. 4 418757 428465 539 8204 12139 1045 87582 94089
164. 4 432392 495075 1040 30357 76016 1045 24368 56241
165. 4 495428 533686 1061 23226 41510 1038 123879 147905
166. 4 558128 573519 566 11667 23042 1038 89437 97184
167. 4 576172 594222 1039 79530 94276 1038 78912 89151
168. 4 594831 620119 2001 14687 20678 1046 11232 33807
169. 4 621565 652509 2001 20855 41466 1041 39547 51636
170. 4 650876 673768 2001 39958 50034 1041 53147 67917
171. 4 674077 687942 1041 22402 31224 2001 55694 60026
172. 4 695006 714314 629 3 12353 720 208092 222395
173. 4 716261 724702 721 276863 279149 720 205161 207995
174. 4 724961 751953 625 39854 46382 720 175262 201018
175. 4 752758 788602 720 157157 173488 625 25747 39348
176. 4 790847 798088 522 2392 5412 709 14762 21837
177. 4 822060 841985 676 33393 41331 712 124144 130532
178. 4 841449 851901 676 29051 33944 716 985 7415
179. 4 852141 859137 646 38229 42674 686 2592 5207
180. 4 860458 896087 584 5800 25733 646 15498 34924
181. 4 894604 908351 646 33372 38046 686 6019 12505
182. 4 930195 1026027 714 48859 108782 1036 17091 60608
183. 4 1027001 1047140 714 108938 118359 1036 60897 73595
184. 4 1055521 1078557 1040 156263 168344 714 120450 129294
185. 4 1078757 1096274 1062 770 7528 1040 146244 156206
186. 4 1092423 1143937 1040 123776 150035 641 524 20064
187. 4 1142012 1172829 1040 102425 125755 641 22404 36529
188. 4 1173109 1180681 660 19276 22967 641 36831 42471
189. 4 1188615 1203081 1063 825 8786 1050 44678 50112
190. 4 1228568 1260716 1017 8424 24677 1018 8610 30784
191. 4 1261396 1267685 1017 4719 7128 1055 26554 33004
192. 4 1280310 1291848 614 299 11880 673 17500 19378
193. 4 1298587 1319889 673 6519 15849 565 4698 19392
194. 4 1319116 1322720 673 4979 7310 520 3 861
195. 4 1334307 1346798 520 5947 14448 2002 287 3943
196. 4 1351739 1378356 2002 9003 23462 1014 72608 79624
197. 4 1377499 1397503 2002 22512 36933 1014 20480 28269
198. 4 1403378 1419208 634 3 7887 689 21460 29028
199. 4 1420126 1436237 630 3 12204 629 19206 27312
200. 4 1436347 1454810 720 224907 239929 629 28780 36888
201. 5 34682 51548 542 10067 14221 1015 5764 17385
202. 5 49836 62324 1015 15571 22849 649 1844 8962
203. 5 60005 71353 649 6786 11946 1057 45664 53011
204. 5 71583 83180 649 27547 33445 1057 39120 44798
205. 5 81297 99147 649 24071 29742 660 59179 68590
206. 5 103615 113505 649 16395 23871 560 16937 22339
207. 5 184575 223959 602 9362 17814 1061 223579 254148
208. 5 240333 253867 549 1101 10580 583 17896 20548
209. 5 260990 274835 583 5617 17383 628 47066 52865
210. 5 276000 286882 628 41065 46434 695 88748 92722
211. 5 287663 324035 628 18763 40256 694 66241 76073
212. 5 326162 339943 474 3 7937 695 84556 88429
213. 5 344989 352016 488 1202 7748 695 17005 19140
214. 5 364119 376940 1035 164 10044 558 1880 4975
215. 5 379654 390405 472 356 8275 695 11173 16820
216. 5 393899 431686 573 3 20597 618 13206 23614
217. 5 434758 450941 625 6083 14350 709 116097 124210
218. 5 449379 470212 625 12695 15327 709 96392 112615
219. 5 472430 482349 709 88357 95760 625 16943 22235
220. 5 488300 508192 709 71526 85539 641 46975 53117
221. 5 515664 530502 2003 139828 144046 1042 53474 63633
222. 5 532475 583061 720 86270 116621 1058 117769 143346
223. 5 591361 603309 720 65993 77013 532 13817 15713
224. 5 614363 632907 458 3 9046 720 53038 60914
225. 5 631600 644723 720 45759 54441 1059 204219 212087
226. 5 647243 658909 720 124040 135038 1059 194545 204044
227. 5 667983 686586 687 62410 78650 712 85785 92342
228. 5 686734 702291 712 69157 83330 687 60831 62190
229. 5 704618 730431 712 44363 57803 687 40346 60509
230. 5 731394 784144 712 8267 44093 687 20006 39115
231. 6 62967 98134 709 46604 68730 649 39880 57793
232. 6 101180 109975 1042 49399 53255 2003 144195 150065
233. 6 120146 126075 1031 35718 39558 1008 2889 8086
234. 6 128820 137055 1023 1215 3859 1031 28210 33175
235. 6 145921 162958 1002 1138 12964 1056 135842 145140
236. 6 181671 191770 2003 222120 226375 519 1661 7317
237. 6 187805 199166 519 3302 14194 716 137109 142903
238. 6 235322 328734 1061 118625 190610 1029 12889 42842
239. 6 314914 342397 1061 177334 201417 1029 51858 55884
240. 6 374392 385712 602 388 5470 1039 3 6317
241. 6 408394 417164 668 24771 29939 710 21269 25636
242. 6 432802 461502 608 559 19194 709 37922 44243
243. 6 463405 482908 701 77156 94323 2002 105216 111621
244. 6 483835 494527 416 242 1883 2002 112728 121721
245. 6 502106 528717 700 83269 100323 605 26081 34259
246. 6 528920 544426 1047 463 10068 700 74365 83152
247. 6 544959 555628 640 35225 43908 700 67750 73855
248. 6 554576 595373 700 45079 68859 640 3 33313
249. 6 600148 633561 653 3 18680 1047 10907 24730
250. 6 635767 647964 1053 43123 48269 613 33636 40752
251. 6 656847 668438 568 1056 12170 721 110845 117197
252. 6 670688 722887 567 2 24161 721 80901 110447
253. 6 721256 751558 721 64682 82496 664 49048 59745
254. 6 754433 775760 1051 78256 98322 653 40287 51054
255. 6 775871 807033 658 3 24440 714 1578 11315
256. 6 807207 825735 676 43 14743 714 11828 19821
257. 6 826246 846245 1038 118409 123585 1061 13590 22877
258. 6 843429 865548 1061 4433 16541 1038 101090 115503
259. 6 866249 901482 700 21045 41359 605 2947 21531
260. 6 897427 907813 605 17517 25536 700 101297 103797
261. 6 908737 948747 2002 125771 153968 1055 35404 49214
262. 6 949236 963855 537 4259 15109 1014 80264 86026
263. 6 964265 979942 653 25735 37340 1047 25635 32517
264. 6 977450 985910 653 34737 39640 1051 99418 107499
265. 6 989147 1046367 696 4108 46546 1051 3878 39440
266. 6 1059094 1077155 1014 164557 168586 672 15928 28250
267. 6 1070012 1106035 672 20567 38071 1014 37043 55496
268. 6 1114200 1121669 1028 80539 83595 2001 80541 84205
269. 6 1127571 1144808 682 58632 71573 1061 2 4368
270. 6 1139293 1157003 682 56025 64208 506 2070 14091
271. 6 1154850 1199070 682 25697 58226 600 16759 29669
272. 6 1207106 1235638 721 3068 25912 700 173 10269
273. 6 1236488 1257680 2000 1 19538 491 2252 7019
274. 6 1306798 1329480 1058 71994 91275 1055 70590 73358
275. 6 1334261 1355641 1058 52041 71054 542 2623 5062
276. 6 1403984 1434167 1058 4538 28475 587 6918 26570
277. 6 1459775 1498792 1044 6839 42277 1020 32483 52010
278. 6 1500097 1534383 1020 20975 32447 1044 43041 70495
279. 7 48668 64982 1056 20796 33201 697 10324 18366
280. 7 69728 81352 677 61631 71866 1056 16198 20360
281. 7 81774 97826 618 235 10044 1056 10040 15529
282. 7 107727 123848 1040 13751 19808 1045 15284 24165
283. 7 129026 136084 714 24862 28349 1036 1050 5569
284. 7 136404 176529 695 30144 60907 673 32657 55460
285. 7 169369 184201 695 22493 39095 673 19522 23449
286. 7 190261 223378 1040 82216 101531 721 247613 270799
287. 7 223577 250284 660 2633 19017 721 270823 275918
288. 7 238354 265864 660 2 14394 616 9747 25729
289. 7 275243 287969 720 2174 6892 465 1173 8514
290. 7 292925 302688 490 2465 8355 1034 8425 12920
291. 7 299653 307433 490 1535 5815 1040 209583 213122
292. 7 307633 328720 709 2203 10184 577 1 10113
293. 7 335007 343077 1040 175732 179553 1045 6381 12045
294. 7 347602 358784 714 28522 36563 1036 6507 9359
295. 7 363004 380894 695 64722 80665 709 25634 28995
296. 7 381313 387135 709 31626 35220 608 19383 23710
297. 7 389014 429255 677 47941 60139 654 3 27547
298. 7 427759 469469 654 26039 58191 697 19763 37982
299. 7 485315 515067 697 40295 53542 666 46048 63890
300. 7 507306 518566 697 45422 55911 666 38947 41266
301. 7 518731 540923 702 92601 102757 1059 36041 51490
302. 7 544095 550014 1027 3171 7955 623 803 4642
303. 7 567844 574862 621 33732 36891 648 622 4991
304. 7 606630 617128 622 7679 16710 400 3 2603
305. 7 628580 637247 622 3 7236 604 1 1420
306. 7 639096 652075 604 1680 6043 1025 4025 10612
307. 7 653827 688335 720 7048 28850 1011 3133 25008
308. 7 690407 714661 1058 150148 162946 720 29193 45453
309. 7 715926 730571 710 41409 51321 1027 20750 26375
310. 7 730843 737895 710 26602 29657 1027 10268 14999
311. 7 740111 759056 575 1695 16034 648 19150 22938
312. 7 760320 780183 648 23808 34389 1022 56678 63218
313. 7 777685 789423 1022 51309 58741 697 86011 89551
314. 7 784236 817398 1022 38791 56431 702 31432 48921
315. 7 823030 842729 1007 1882 15692 1030 37309 40270
316. 7 844939 881109 1030 9972 37080 668 13412 15562
317. 7 882760 890428 668 17352 24517 1030 7749 9970
318. 7 887798 893062 668 16222 20128 1030 272 1293
319. 7 896227 907249 668 7181 13130 639 8418 10880
320. 7 911837 931763 1031 17780 27655 1013 2 8235
321. 7 930786 945268 1031 9916 18745 617 1712 11292
322. 7 945485 952704 617 12690 16582 1031 4012 9721
323. 7 962112 973930 1032 29786 37119 342 1 1752
324. 7 976302 994966 1042 70463 82722 2003 119612 133595
325. 7 989838 1036904 2003 86071 124463 635 18754 39102
326. 7 1038149 1060478 1009 32787 49019 2003 79548 85300
327. 7 1061335 1070330 696 47514 53992 1051 245 2799
328. 7 1077764 1091594 696 54948 63649 1047 58254 64317
329. 7 1091869 1122436 696 64961 77251 1047 32938 55339
330. 7 1122714 1133038 1051 112512 118263 696 81779 87713
331. 7 1153270 1174063 1059 51705 69206 702 83362 90247
332. 7 1178176 1195970 555 1 6011 528 5252 14191
333. 7 1196723 1206939 1049 33934 43983 1004 45008 48167
334. 7 1262430 1295927 1051 46676 57943 1052 1 22475
335. 7 1324322 1343324 1007 16158 31759 1041 96036 100188
336. 7 1348704 1367914 1058 178202 183173 1041 102798 118986
337. 7 1368096 1385561 1041 133624 143733 1058 174688 178065
338. 7 1381740 1392312 1041 130884 137361 1058 204050 207403
339. 7 1392603 1399949 588 26590 30307 1058 201316 203916
340. 7 1417239 1425565 1014 33028 36912 672 38572 43779
341. 7 1425791 1456277 1055 50091 70443 672 44690 57492
342. 7 1456443 1462624 1055 75659 78855 672 60353 62323
343. 7 1476080 1487152 1055 83232 88864 610 27225 32945
344. 7 1494235 1562237 651 19131 50232 689 33334 72823
345. 7 1563386 1574062 1027 51985 55745 1061 218507 223290
346. 7 1574274 1592689 602 22058 31281 1061 201603 215775
347. 7 1593126 1624307 710 70944 96757 1027 29385 40596
348. 7 1625324 1632898 712 113110 123779 676 43118 48931
349. 7 1637049 1641871 1034 1777 6840 616 25899 28012
350. 7 1662639 1685020 721 218792 237207 1040 6826 11994
351. 7 1686000 1715928 1056 50672 68238 675 11317 23096
352. 7 1716760 1733947 675 27573 37645 1056 68395 73749
353. 7 1731813 1766507 675 35393 56513 1056 78595 99481
354. 7 1778142 1789856 1004 48399 56209 1049 24176 33361
355. 7 1790792 1805046 1049 15177 23936 1004 56319 60805
356. 7 1829995 1837770 527 6317 10966 621 26640 32171
