>Skluyveri$
1. 1 2 3 4 5 6 7 8 9 10 11 12 13 14 $
2. 15 16 17 18 19 20 21 22 23 24 25 26 27 28 29 30 31 32 33 34 35 36 $
3. 37 38 39 40 41 42 43 44 45 46 47 48 49 50 51 52 53 54 55 56 57 58 59 60 61 62 $
4. 63 64 65 66 67 68 69 70 71 72 73 74 75 76 77 78 79 80 81 82 83 84 85 86 87 88 89 90 91 $
5. 92 93 94 95 96 97 98 99 100 101 102 103 104 105 106 107 108 109 110 111 112 113 $
6. 114 115 116 117 118 119 120 121 122 123 124 125 126 127 128 129 130 131 132 133 134 135 136 137 138 $
7. 139 140 141 142 143 144 145 146 147 148 149 150 151 152 153 154 155 156 157 158 159 160 161 162 163 164 165 166 167 168 169 170 171 172 173 174 175 176 177 178 179 180 $
8. 181 182 183 184 185 186 187 188 189 190 191 192 193 194 195 196 197 198 199 200 201 202 203 204 205 206 207 208 209 210 211 212 213 214 215 216 217 218 $

>Scerevisiae$
1. -91 -32 -31 -30 -211 $
10. 46 47 48 49 50 74 75 -154 -156 -155 -160 162 163 155 -158 -157 -161 164 165 84 85 86 87 14 133 45 134 135 136 137 174 175 176 36 $
11. -14 -87 -172 -171 -170 47 -152 153 154 -98 -178 -177 -35 -34 90 33 -89 -88 -13 -12 -180 -179 -97 11 -74 -50 -49 -48 -139 112 113 $
12. -218 206 -216 -159 -158 -157 -156 159 99 166 167 16 -15 -203 -202 39 40 -130 -129 -128 199 200 201 78 -77 96 -10 216 -206 212 213 20 21 22 -187 -186 -185 169 170 171 172 173 138 $
13. 63 64 65 66 67 63 -175 -174 -173 -86 -144 -146 95 89 90 33 34 35 177 98 99 100 101 102 -5 -4 -3 -2 -189 -188 23 -68 -67 -66 -65 -182 -181 $
14. -62 -61 54 40 41 42 43 44 45 -111 -110 -109 -108 -107 -105 106 -104 78 79 80 -3 -2 -1 $
15. -62 -61 54 -55 56 57 52 53 51 68 -31 118 30 -82 76 -95 -94 148 149 -140 -139 112 109 142 143 -96 -10 -191 -190 -189 -188 23 32 91 $
16. -92 93 -121 4 5 6 7 190 191 192 193 194 195 196 101 197 -17 18 19 -207 132 133 134 27 28 29 122 -116 138 $
2. -132 -131 136 -135 -26 205 209 210 -58 59 60 -73 -60 -72 -71 -70 -69 24 25 26 27 28 -57 -194 192 193 -9 -8 123 -75 $
3. 37 38 -79 80 83 -46 -41 -1 $
4. -111 198 -127 -126 -130 -129 -128 -127 -104 -103 -102 -100 -169 185 186 53 51 58 59 -73 -72 -71 70 -69 24 25 -204 -203 -202 -201 -200 -199 -198 -197 -196 149 -140 -151 -150 141 142 143 144 145 146 147 148 -195 -56 55 -39 -38 -37 $
5. 42 -94 -93 -92 -145 -85 -84 -83 -120 -119 -117 137 -115 125 131 217 -205 -204 $
6. 15 16 17 18 -82 76 77 81 124 -114 $
7. 114 115 -217 207 -19 -103 6 -8 -7 9 -215 214 208 209 -210 211 212 213 20 21 43 22 -187 -52 29 122 -116 208 -214 215 -162 -161 160 163 164 165 166 167 168 -184 -183 -182 -181 $
8. -218 -88 -13 -97 11 12 178 147 81 -153 151 152 -150 141 110 168 -44 -184 -183 -64 176 36 $
9. -113 -108 -107 -106 -105 -126 -125 -124 -121 -120 -119 -117 123 118 179 180 $


# markers coordinates
1. 1 45284 178534 3 208131 287934 14 662915 712813
2. 1 177869 203007 14 644322 663583 13 675895 683563
3. 1 210571 228441 13 664751 674765 14 636988 644195
4. 1 227683 267465 13 640914 665521 16 64977 82356
5. 1 270179 350264 13 605980 640603 16 82625 132227
6. 1 348183 389176 16 130161 151329 7 245721 269194
7. 1 389395 507399 7 325334 384769 16 151514 213961
8. 1 510446 630829 2 662990 720599 7 270398 323233
9. 1 632974 657179 2 645545 662244 7 385199 401290
10. 1 664236 755929 12 678214 731561 15 657265 697335
11. 1 767160 802032 11 428945 456697 8 104272 108117
12. 1 809606 816869 8 108807 111312 11 382359 388548
13. 1 852429 882691 11 362265 378215 8 70273 83717
14. 1 891645 914734 11 31083 47973 10 572308 578183
15. 2 51813 181242 6 36803 97496 12 246325 289251
16. 2 195604 201766 6 103693 107579 12 243887 246073
17. 2 199274 237341 6 104695 137152 16 512311 518758
18. 2 234642 301064 6 134516 161194 16 525807 571375
19. 2 307830 326332 16 573015 581193 7 186065 200148
20. 2 329534 388497 7 529268 559998 12 790676 826412
21. 2 388170 415298 7 559735 583896 12 828729 839252
22. 2 414099 438896 12 838065 852018 7 591318 605505
23. 2 439233 519343 13 733544 761890 15 868339 911442
24. 2 541499 557226 2 393118 405245 4 563525 567553
25. 2 553462 572360 2 401247 413975 4 569232 573723
26. 2 567179 607092 2 409163 424823 2 146190 169379
27. 2 607486 734733 16 657526 709826 2 424984 496863
28. 2 732182 762553 2 494347 512768 16 711401 718466
29. 2 759923 796171 16 716154 742062 7 640724 650621
30. 2 801018 814685 1 130802 136635 15 259924 267530
31. 2 813507 857089 1 108878 131986 15 234939 254616
32. 2 846312 971167 1 68717 118315 15 916027 1003222
33. 2 971780 986369 11 342496 348780 13 332211 343519
34. 2 987814 1025675 11 306929 324764 13 344402 380199
35. 2 1025058 1047285 13 379585 394787 11 291097 301526
36. 2 1047724 1068217 10 698320 705266 8 502388 516485
37. 3 37529 79085 3 15798 38801 4 1490588 1500545
38. 3 81284 147527 3 41488 82275 4 1462350 1489790
39. 3 155529 174462 4 1447822 1459212 12 511056 524392
40. 3 173704 209663 12 523634 534395 14 110917 118809
41. 3 212822 223301 3 201170 207946 14 119268 122170
42. 3 232852 260706 14 122883 144079 5 29797 33466
43. 3 255022 268965 14 138551 145282 7 584899 590915
44. 3 276274 304898 14 146897 164321 8 407106 412409
45. 3 309787 336520 14 164624 186886 10 612409 615149
46. 3 355675 458402 10 36919 85334 3 170882 199545
47. 3 461644 551125 10 87581 133932 11 109274 142824
48. 3 551987 571512 11 559308 566840 10 136369 146041
49. 3 577183 664651 10 147098 193465 11 520539 558596
50. 3 666869 672854 10 193859 197124 11 517840 520266
51. 3 673183 707661 15 207392 226074 4 399337 416705
52. 3 747926 772427 15 189658 196337 7 634308 640375
53. 3 771051 809517 15 194970 207176 4 369769 399126
54. 3 820524 826963 15 111431 115808 14 103134 108274
55. 3 833618 854898 4 1431960 1446986 15 116396 132482
56. 3 865789 889855 15 132725 143696 4 1422755 1431888
57. 3 887754 952876 15 141584 189414 2 515658 549003
58. 3 953238 1029736 2 227639 269503 4 432327 462513
59. 3 1032161 1059587 2 274427 287925 4 463431 470421
60. 3 1049450 1067580 2 283738 291865 2 310564 314788
61. 3 1077112 1190480 14 31943 94801 15 58759 110638
62. 3 1192946 1219198 15 44937 58538 14 18001 31377
63. 4 24754 64798 13 74398 99400 13 11484 25801
64. 4 63086 77824 13 24038 29807 8 484028 486179
65. 4 84647 89528 13 30611 33851 13 838186 842201
66. 4 96411 115264 13 824728 836866 13 34243 41794
67. 4 117178 187783 13 779628 824630 13 42043 73920
68. 4 175434 195464 13 775314 789838 15 228613 231271
69. 4 219840 247254 2 373858 391388 4 548760 558058
70. 4 250066 265450 2 356322 370697 4 539800 548308
71. 4 259895 327738 2 324337 362512 4 484160 524710
72. 4 331254 348406 2 315575 323945 4 477794 483857
73. 4 352122 363961 2 298292 306955 4 471850 475986
74. 4 365852 496698 10 205301 293976 11 461278 516513
75. 4 503196 620265 10 299152 353610 2 728880 777850
76. 4 624385 628767 6 169914 173869 15 292530 296121
77. 4 629558 643873 6 174257 180735 12 658828 662835
78. 4 695101 704505 12 636782 641023 14 606320 614361
79. 4 708312 725679 3 91324 105548 14 621315 627144
80. 4 758233 783102 3 119573 136871 14 629624 635299
81. 4 803363 836897 6 199862 210056 8 134547 146055
82. 4 840096 866431 15 274958 292075 6 162482 168489
83. 4 879560 914260 3 144771 167995 5 116167 135234
84. 4 912910 990780 5 73771 117474 10 486579 528469
85. 4 993844 1009086 10 528690 533752 5 64709 73348
86. 4 1007392 1043239 10 532055 545168 13 169116 183363
87. 4 1042085 1090266 10 544055 572117 11 48195 73870
88. 4 1091666 1099639 11 359786 361471 8 66239 70067
89. 4 1098968 1135229 11 349107 360460 13 291133 325434
90. 4 1128458 1158608 13 319436 330230 11 326052 342017
91. 4 1161815 1241199 15 1005135 1043040 1 31568 67521
92. 5 42779 60920 16 26611 40077 5 47168 51539
93. 5 59724 73701 5 42400 48373 16 44551 48802
94. 5 75498 104634 5 34407 41953 15 329418 339979
95. 5 103009 150661 13 267174 282584 15 301381 331052
96. 5 153037 169025 12 663286 673336 15 648805 653885
97. 5 171315 183104 8 98339 103965 11 421067 428194
98. 5 196218 330570 13 422502 502733 11 179672 270294
99. 5 343998 399306 12 199541 229583 13 507501 545729
100. 5 391898 446825 13 537837 558523 4 301413 316388
101. 5 447330 452420 16 486710 488205 13 560365 562527
102. 5 452894 524982 13 563095 605519 4 270222 300999
103. 5 525860 581649 7 210421 241090 4 246689 269976
104. 5 581924 588621 14 602908 605612 4 242552 246447
105. 5 596055 603921 9 197928 203256 14 574507 578774
106. 5 602503 627441 9 183934 199400 14 584321 597540
107. 5 628373 644621 14 555049 569692 9 175304 183124
108. 5 645124 808413 14 467133 551988 9 83302 173025
109. 5 806002 897558 14 412773 469625 15 482035 539466
110. 5 897714 1053885 8 338086 391700 14 307403 412055
111. 5 1052695 1190663 14 206931 308614 4 26403 80413
112. 5 1191449 1213984 15 471901 481752 11 604047 613527
113. 5 1212848 1276172 11 612307 639606 9 39433 83041
114. 6 41362 114347 6 231999 255036 7 23935 69331
115. 6 114822 187070 5 207643 237118 7 69671 117565
116. 6 198818 307018 7 717362 777513 16 786204 859741
117. 6 312042 330389 5 177834 191787 9 370701 374857
118. 6 335860 340759 15 255336 259029 9 382625 384116
119. 6 351154 373786 9 357412 369905 5 162722 173337
120. 6 375457 409171 5 138918 162441 9 342533 356892
121. 6 408002 418101 9 334879 343653 16 49303 52671
122. 6 436495 528104 16 742452 785667 7 654638 706505
123. 6 531394 541464 2 722606 728097 9 375428 379778
124. 6 541680 598201 6 213300 231928 9 290418 324103
125. 6 596801 739476 5 237569 327027 9 212496 291668
126. 6 733682 746217 9 210920 217545 4 141210 145519
127. 6 743532 803338 4 107209 144224 4 213352 241197
128. 6 805366 850949 12 562010 573920 4 176774 212047
129. 6 849579 871981 4 164988 178057 12 554580 563392
130. 6 878709 919763 12 535216 553679 4 148192 164866
131. 6 925625 1050033 2 43274 124762 5 333172 404348
132. 6 1049320 1093771 2 9961 44086 16 610478 637221
133. 6 1094132 1144782 10 578853 612039 16 637376 654844
134. 6 1148065 1155436 10 615569 619758 16 655137 657341
135. 6 1156615 1159693 2 143396 145731 10 620747 623006
136. 6 1166099 1212990 10 629579 640445 2 125128 137464
137. 6 1221606 1243387 10 640819 654232 5 196947 204962
138. 6 1248609 1321289 12 1039268 1058516 16 864445 920483
139. 7 49770 114612 11 567560 603874 15 422669 471622
140. 7 116704 149529 15 400348 421651 4 1002506 1015698
141. 7 150598 192421 8 314877 337812 4 1176332 1200545
142. 7 190967 341542 4 1199175 1278429 15 539764 618289
143. 7 341743 359993 15 626629 638559 4 1284061 1293083
144. 7 359196 368076 4 1292364 1296678 13 192788 195755
145. 7 364506 403143 4 1293361 1314884 5 52721 60851
146. 7 387848 522602 4 1303166 1386508 13 202775 258416
147. 7 522850 555239 4 1386808 1404165 8 117809 132915
148. 7 557408 578250 15 368127 380806 4 1404437 1416866
149. 7 577213 607388 15 379781 400104 4 969986 1002019
150. 7 624810 837639 4 1063348 1174170 8 215185 301937
151. 7 832000 908929 8 175541 198278 4 1019364 1068386
152. 7 906252 922055 8 195544 211972 11 153274 158186
153. 7 931981 957206 8 147864 167427 11 158619 162340
154. 7 958177 987544 10 356019 373794 11 163647 179179
155. 7 987737 1000816 10 417556 424103 10 383832 390848
156. 7 998525 1031466 10 378820 386144 12 161754 177415
157. 7 1029250 1052274 10 440987 448018 12 156854 163892
158. 7 1054059 1097228 12 131728 156333 10 425151 440639
159. 7 1097824 1114041 12 177607 187128 12 121321 130612
160. 7 1135994 1147456 10 393962 396587 7 845898 854900
161. 7 1159601 1169497 7 836392 844965 10 448470 450658
162. 7 1169772 1191517 10 397350 409156 7 829121 834487
163. 7 1183028 1204293 10 402892 414764 7 872049 882236
164. 7 1198648 1238779 7 876674 892191 10 451013 462418
165. 7 1238951 1265089 7 894698 912817 10 464444 471664
166. 7 1262785 1276699 7 910437 913232 12 231703 237704
167. 7 1284200 1311034 7 913508 936886 12 239348 243350
168. 7 1295197 1347423 7 922180 962065 8 392642 406181
169. 7 1349161 1382608 4 316971 332941 12 919536 947976
170. 7 1374780 1421530 12 934412 962732 11 84709 108604
171. 7 1426974 1442168 11 78871 83555 12 963782 971692
172. 7 1443707 1450927 11 74937 78651 12 971914 975518
173. 7 1452894 1555389 13 111865 167308 12 982891 1035761
174. 7 1552344 1570144 13 104777 115347 10 654731 665013
175. 7 1572224 1576708 13 101862 104162 10 665212 669287
176. 7 1574930 1622211 10 667638 698163 8 486230 501143
177. 7 1627709 1653351 11 277925 290696 13 397076 407583
178. 7 1650328 1659034 11 274927 280503 8 113494 115896
179. 7 1661601 1690393 9 397291 405964 11 402211 420859
180. 7 1689467 1706417 11 389883 403161 9 416121 421787
181. 8 47944 155316 13 850073 902412 7 1019604 1063159
182. 8 155887 164120 7 1014327 1017765 13 845570 849808
183. 8 164406 197223 8 452872 483837 7 1004630 1014095
184. 8 188511 267338 8 412910 470576 7 962534 1002245
185. 8 268843 331380 12 878282 919019 4 333121 356759
186. 8 342849 358678 12 871696 877177 4 359825 368211
187. 8 362450 401858 7 606140 634067 12 852494 871366
188. 8 402212 488639 13 689082 733140 15 834451 867851
189. 8 486897 511517 15 815915 836430 13 684466 687283
190. 8 497300 564412 15 795802 830573 16 216011 251667
191. 8 566194 744070 16 252033 347388 15 710447 795333
192. 8 749157 898776 16 348443 431366 2 571463 633376
193. 8 902190 914589 2 633617 642205 16 434520 445028
194. 8 914158 946976 16 444576 456661 2 549765 567475
195. 8 947455 962071 4 1417391 1422477 16 457115 465645
196. 8 960815 983475 16 464398 481898 4 963408 969676
197. 8 989608 1013758 4 954284 963102 16 488885 509997
198. 8 1018983 1080364 4 916482 953977 4 86208 104552
199. 8 1071082 1096457 4 912095 923802 12 574153 585492
200. 8 1096888 1132242 4 868221 911297 12 587697 604789
201. 8 1136877 1187028 12 605760 628199 4 832856 867519
202. 8 1187379 1212855 4 817947 832470 12 491868 500272
203. 8 1213167 1532581 4 669013 816557 12 294092 447576
204. 8 1533540 1705213 5 450558 551117 4 574161 667855
205. 8 1708861 1748067 5 437263 441815 2 170626 195705
206. 8 1752241 1770236 12 95565 105346 12 759482 764137
207. 8 1770946 1799594 7 182396 185400 16 582370 600214
208. 8 1831362 1872065 7 784228 793058 7 431553 446148
209. 8 1852884 1908134 7 440068 464916 2 199067 212178
210. 8 1905888 1922841 2 209656 217132 7 472860 478657
211. 8 1928419 1973535 7 479915 498038 1 142176 159794
212. 8 1974031 1999423 12 764808 783387 7 498480 508368
213. 8 2002374 2016739 7 511549 522837 12 784913 787333
214. 8 2019038 2025424 7 798548 801828 7 416150 418416
215. 8 2031731 2053406 7 802445 828582 7 405779 415734
216. 8 2059083 2103605 12 732544 758835 12 105685 121110
217. 8 2123140 2209223 5 404809 433954 7 122699 173085
218. 8 2209672 2301876 8 21780 62561 12 39803 91348
