>Kthermotolerans$
1. 1 2 3 4 5 6 7 8 9 10 11 12 13 14 15 16 17 18 19 20 $
2. 21 22 23 24 25 26 27 28 29 30 31 32 33 34 35 36 37 38 39 40 41 42 43 44 45 46 47 48 $
3. 49 50 51 52 53 54 55 56 57 58 59 60 61 62 63 64 65 66 67 68 69 70 71 72 73 74 75 76 77 78 79 80 81 82 83 $
4. 84 85 86 87 88 89 90 91 92 93 94 95 96 97 98 99 100 101 102 103 104 105 106 107 108 109 110 111 112 113 114 115 116 117 118 119 120 121 122 123 124 125 126 127 128 129 130 131 132 133 $
5. 134 135 136 137 138 139 140 141 142 143 144 145 146 147 148 149 150 151 152 153 154 155 156 157 158 159 160 161 162 163 164 165 166 167 168 169 170 171 172 173 174 175 176 177 178 179 180 181 182 183 184 $
6. 185 186 187 188 189 190 191 192 193 194 195 196 197 198 199 200 201 202 203 204 205 206 207 208 209 210 211 212 213 214 215 216 217 218 219 220 221 222 223 224 225 226 227 228 229 230 231 232 233 234 $
7. 235 236 237 238 239 240 241 242 243 244 245 246 247 248 249 250 251 252 253 254 255 256 257 258 259 260 261 262 263 264 265 266 267 268 269 270 271 272 273 274 275 276 277 278 279 280 281 282 283 284 285 286 287 288 289 290 291 $
8. 292 293 294 295 296 297 298 299 300 301 302 303 304 305 306 307 308 309 310 311 312 313 314 315 316 317 318 319 320 321 322 323 324 325 326 327 328 329 330 331 332 333 334 335 336 337 338 339 340 341 342 343 344 345 346 $

>Scastellii$
1001. 3 $
1002. -90 182 $
1004. 311 -310 -309 $
1005. 286 287 $
1006. 258 259 260 261 $
1007. -160 256 31 $
1008. -55 $
1009. 207 -181 $
1010. -193 $
1011. -306 -80 $
1013. -23 $
1014. -10 -9 68 8 -293 35 -71 -70 -69 $
1015. 50 51 $
1017. 312 313 279 $
1018. 313 279 $
1019. 87 $
1020. 185 186 187 -49 $
1022. -30 -29 -197 -159 -158 -157 $
1023. 22 $
1025. 153 -128 -127 $
1027. 316 317 -318 154 -156 $
1028. 204 -346 -345 -167 292 $
1029. -289 -6 5 $
1030. -163 -162 -161 -160 -284 288 7 119 120 $
1031. -25 -24 -23 -22 -55 $
1032. -80 -79 -28 -27 -26 $
1033. -231 -230 2 $
1034. 98 99 -214 84 $
1035. -75 -2 $
1036. -221 241 242 $
1038. -314 -278 276 277 -275 -274 272 273 $
1039. 4 277 -275 $
1040. -164 92 -94 88 89 -93 95 -246 -245 -244 -243 216 -212 101 102 -87 $
1041. 165 166 44 257 -47 -46 -45 -256 -255 253 254 $
1042. -72 -67 $
1043. 35 -71 $
1044. -187 -186 -185 $
1045. 216 -212 -89 84 85 88 $
1046. -78 48 $
1047. -112 115 63 64 $
1048. -124 123 -122 $
1049. 308 309 310 $
1050. 29 -30 -280 -81 82 31 32 $
1051. 65 179 -344 145 146 -118 -117 -116 -62 -61 60 -196 183 $
1052. 146 -118 $
1053. -203 -202 -201 $
1054. 265 -266 $
1055. -81 312 -295 -294 -198 -251 190 -137 -136 229 -1 $
1056. 335 332 333 334 -327 325 326 -324 -323 -90 182 -194 $
1057. -226 -139 -52 $
1058. 188 189 190 302 303 304 305 254 255 252 253 -257 $
1059. 134 135 -228 -227 -226 -139 -138 -250 -249 -248 -14 298 299 $
1060. 131 132 133 -130 -129 320 $
1061. 271 272 273 74 195 -289 -6 -5 155 156 321 $
1062. -244 $
1063. 280 78 82 83 $
127. 319 $
2000. -43 -42 -41 $
2001. 48 -47 -46 -45 -44 292 $
2002. 8 9 10 11 12 13 -297 -296 -295 -294 $
2003. 210 205 206 207 -181 -180 66 67 72 282 209 291 -195 -74 -73 -281 $
219. 83 $
241. -143 $
248. 79 $
342. 26 $
343. -206 $
373. -141 $
378. 102 $
400. 151 $
416. -296 $
417. 40 $
431. 54 $
453. -53 $
458. -300 $
459. 314 $
465. -307 $
472. 329 $
474. 331 $
485. 184 $
488. -330 $
489. -101 $
490. -99 $
491. -43 $
497. -60 $
502. 76 $
506. 270 $
510. 70 $
518. 77 $
519. -291 -290 $
520. -147 $
522. 213 -3 $
525. 86 $
527. -91 $
528. -315 $
532. -301 $
536. -194 $
537. -293 $
539. 85 $
541. -142 -141 $
542. -189 50 $
547. -129 -128 $
549. -340 $
555. -315 $
559. 125 126 $
560. 341 33 $
562. -171 -170 $
565. -148 $
566. 73 274 $
567. -174 $
568. -173 -172 $
573. 328 $
575. -322 $
576. -278 276 $
577. -215 -214 $
578. -258 $
580. 225 140 $
581. -76 75 $
582. -193 $
583. -264 339 340 341 $
584. -342 -144 $
585. 231 232 $
587. 188 $
588. 197 252 $
589. -234 -233 $
595. -54 -53 $
596. 199 $
600. 269 $
602. 4 -321 155 $
604. 152 153 320 $
605. 109 -110 111 $
608. -59 -58 $
610. -229 136 $
613. -204 -203 201 202 $
614. 149 $
616. 97 98 $
617. 24 25 $
618. -335 328 $
619. -86 $
620. 27 28 32 $
621. -91 $
622. -152 -151 $
623. 316 -345 -167 -166 $
625. 103 104 15 16 $
626. -196 -184 -183 $
628. 77 -49 336 337 338 339 $
629. 18 19 20 $
630. -19 $
631. 1 $
634. -191 $
635. -230 -180 66 $
639. -287 -286 $
640. -114 -113 $
641. 245 246 247 105 $
646. 142 143 144 -343 -342 $
648. 322 157 -227 $
649. 51 52 33 34 -107 -106 $
651. -192 $
653. 115 116 117 $
654. -39 -38 $
658. 223 224 225 140 $
660. -97 -96 -247 -249 -138 -250 248 -34 $
664. -177 -176 -175 $
666. 108 36 37 $
668. -161 -163 -162 283 -100 $
671. -267 -268 -266 -265 -264 -263 -262 $
672. -69 -68 -198 -251 -137 $
673. 147 148 149 -21 -100 56 $
675. 325 326 -324 -323 $
676. -222 218 219 220 -240 -239 $
677. -42 -41 -40 -39 -332 $
679. -200 -199 -168 169 $
682. 200 269 270 271 $
683. -285 -284 288 7 119 120 121 $
686. 343 -311 $
687. 235 236 237 238 $
689. 191 192 $
694. 259 260 261 262 -336 -263 $
695. -268 -267 329 330 21 56 57 338 -331 -337 $
696. -145 344 179 -65 -64 -63 -62 -61 $
697. 327 -334 -333 -38 -37 -36 -108 158 $
700. 178 109 -114 -113 -112 -111 110 $
701. 11 -12 13 -297 $
702. 285 -159 228 -135 -134 $
705. -217 150 211 208 209 210 205 $
709. -215 213 57 58 59 -107 -106 -105 -104 -103 $
710. -346 -283 -317 318 319 -154 281 $
712. 235 236 237 238 239 240 -220 $
714. -224 -223 -222 -221 241 242 243 $
716. -219 217 -218 150 211 208 -234 -233 -232 282 -290 $
719. 121 122 123 124 125 126 127 130 -133 -132 131 $
720. -308 -307 -306 -305 299 300 301 302 303 304 -298 14 15 16 17 18 -20 $
721. -178 -177 -176 -175 -174 -173 -172 -171 -170 -169 -168 -165 -164 92 -94 -93 95 96 -17 $


# markers coordinates
1. 1 78506 104870 631 24222 43824 1055 138257 142145
2. 1 105295 142134 1035 28469 44988 1033 21167 49831
3. 1 171070 176677 1001 19924 23795 522 5655 11729
4. 1 177329 189911 1039 3 11333 602 388 3509
5. 1 214393 241545 1061 177334 201417 1029 51858 55884
6. 1 227861 281961 1061 150655 190610 1029 31147 42842
7. 1 283065 291389 1030 50209 56928 683 17277 20811
8. 1 309596 334890 2002 9003 23462 1014 72608 79624
9. 1 334027 354954 2002 22512 35884 1014 20480 28269
10. 1 344618 364846 2002 27123 43222 1014 2 21373
11. 1 366491 425985 701 566 49963 2002 43430 77062
12. 1 428186 436212 701 62550 64081 2002 77261 84618
13. 1 442339 452146 2002 87138 92538 701 64525 72579
14. 1 454908 476417 720 142934 154654 1059 173181 190797
15. 1 476615 517925 625 22648 39348 720 154966 173488
16. 1 518948 550316 720 175262 201018 625 39854 46382
17. 1 550407 558268 721 276863 279149 720 205161 207995
18. 1 560106 579304 720 208092 222395 629 3 12353
19. 1 579496 616227 629 13663 27312 630 3 24421
20. 1 616307 635408 720 224907 239929 629 28780 35460
21. 2 81585 98156 695 22493 39095 673 19522 23449
22. 2 104224 117124 1031 26303 33175 1023 2359 5897
23. 2 116004 134317 1031 19614 27655 1013 2 8235
24. 2 136942 148373 1031 9916 15515 617 6953 11292
25. 2 148776 158236 617 12690 16582 1031 4012 9721
26. 2 169117 180393 1032 29786 37119 342 1 1752
27. 2 176446 189772 1032 26516 33343 620 1 4681
28. 2 186128 200841 1032 21653 29287 620 5681 14622
29. 2 204289 209047 1022 3790 6349 1050 13660 16891
30. 2 211394 225583 1022 2 3066 1050 16982 20601
31. 2 281148 306745 1050 66547 76559 1007 67324 81751
32. 2 306104 316837 1050 75978 78262 620 18724 27020
33. 2 340919 350941 560 16937 22339 649 16395 23871
34. 2 353523 363715 660 59179 68590 649 24071 27364
35. 2 391353 413824 1014 92073 102449 1043 3376 14630
36. 2 420999 441667 666 34457 44368 697 45422 55911
37. 2 433847 463489 697 40295 53542 666 46048 63890
38. 2 468367 513249 654 26039 58191 697 19763 37982
39. 2 511768 557513 654 3 27547 677 47941 60139
40. 2 559697 567581 677 43904 47423 417 152 4521
41. 2 567756 618234 2000 43331 82205 677 14116 43688
42. 2 618664 643160 2000 23557 42044 677 1423 13786
43. 2 636698 673350 2000 1 29664 491 2252 10603
44. 2 700331 717340 1041 19724 31224 2001 55694 60026
45. 2 717544 733200 1041 56263 67917 2001 46391 50034
46. 2 729231 741178 1041 53147 60388 2001 39958 43724
47. 2 738472 773746 2001 20855 41466 1041 39547 51636
48. 2 775299 833657 1046 11232 44697 2001 5291 20678
49. 3 52014 67252 1020 60053 73161 628 8261 13887
50. 3 68274 92524 542 5136 14221 1015 205 17385
51. 3 90830 112002 1015 15571 22849 649 1844 8962
52. 3 106485 123611 649 6786 11946 1057 45664 53011
53. 3 139563 161861 453 219 4241 595 4969 18295
54. 3 158660 167517 595 2906 8331 431 426 3774
55. 3 188861 197999 1008 2889 8697 1031 35718 39558
56. 3 200556 248497 695 39914 70338 673 33737 59342
57. 3 242904 260588 695 64722 80665 709 25634 28995
58. 3 262224 278062 709 31626 40927 608 14953 23710
59. 3 280513 298683 608 559 14722 709 41277 44243
60. 3 311969 319965 497 1149 7750 1051 126956 129904
61. 3 321675 335714 696 87796 96173 1051 118806 126134
62. 3 337765 348259 696 81779 87713 1051 112512 118263
63. 3 351697 375460 696 64961 73889 1047 37533 55339
64. 3 375721 393042 696 54948 63649 1047 58254 64317
65. 3 402533 412092 696 47514 53992 1051 245 2799
66. 3 416167 436591 635 36068 39102 2003 109379 124463
67. 3 422344 451306 2003 113146 133595 1042 70463 82722
68. 3 458911 493737 672 20567 39987 1014 36484 55496
69. 3 486702 540416 672 1 28250 1014 150066 168586
70. 3 541022 568494 510 1 13048 1014 134444 148274
71. 3 563097 620010 1014 103096 139567 1043 15473 45198
72. 3 624255 702309 2003 141368 176394 1042 9608 56761
73. 3 710145 721031 566 6906 11306 2003 254660 260773
74. 3 718329 747183 2003 240152 257594 1061 67130 82122
75. 3 776304 788267 581 5327 15279 1035 20363 23079
76. 3 792218 810811 502 2541 11035 581 3 4411
77. 3 819571 830110 628 251 7741 518 4474 8982
78. 3 846014 863681 1063 9167 22878 1046 938 8853
79. 3 878953 881754 1032 14791 17070 248 2 1372
80. 3 881350 891060 1032 7340 15186 1011 25406 28518
81. 3 926742 935692 1050 55538 59261 1055 2910 7930
82. 3 936878 946503 1063 23422 27970 1050 60290 63717
83. 3 944502 955183 1063 25888 32702 219 1 1409
84. 4 51882 83134 1034 19138 33244 1045 58771 75576
85. 4 84021 105307 539 931 12139 1045 82903 94089
86. 4 105674 136428 525 305 8415 619 5968 29203
87. 4 144017 179820 1019 3 16583 1040 228518 240536
88. 4 197416 208643 1045 97306 107353 1040 23794 31121
89. 4 207735 275594 1040 30357 76016 1045 20878 56241
90. 4 295808 331340 1056 125714 151732 1002 1 15530
91. 4 365191 382380 527 2491 10966 621 21808 32171
92. 4 397596 414238 721 216107 233081 1040 6826 9407
93. 4 414739 425946 721 237544 246644 1040 76242 80039
94. 4 428209 434890 721 233252 237207 1040 9577 11994
95. 4 435339 464220 1040 82216 101531 721 247613 270799
96. 4 464410 488734 660 2633 19017 721 270823 275918
97. 4 475917 501441 660 2 14394 616 9747 25729
98. 4 498055 510326 616 21344 28012 1034 269 6840
99. 4 512469 521462 490 2465 8355 1034 8425 12920
100. 4 529126 543066 668 36495 47855 673 25002 32153
101. 4 572515 594974 489 1464 12060 1040 189639 194086
102. 4 597659 605419 1040 197982 201756 378 2 2516
103. 4 629258 667869 709 96392 125390 625 3931 15327
104. 4 669644 678263 709 88357 95760 625 16943 22235
105. 4 684208 709272 709 71526 85539 641 46975 53117
106. 4 714887 738518 709 52632 68730 649 44116 57793
107. 4 734724 740459 649 43006 47166 709 50786 53483
108. 4 741531 776555 666 1306 24015 697 63968 82652
109. 4 776870 807728 700 21045 39306 605 2947 16959
110. 4 808930 819260 700 101297 103797 605 17517 25536
111. 4 823988 847398 700 83269 100323 605 26081 34259
112. 4 847624 863160 1047 463 10068 700 74365 83152
113. 4 863427 875023 640 35225 43908 700 67750 73855
114. 4 874019 915780 700 45079 68859 640 3 33313
115. 4 931339 982059 653 5427 37340 1047 10907 32517
116. 4 979433 1003720 653 34737 43359 1051 82975 107499
117. 4 1001954 1038984 1051 72152 84969 653 45042 62791
118. 4 1039205 1081739 1051 52869 72039 1052 6043 32421
119. 4 1082204 1100516 683 21190 42854 1030 62115 63316
120. 4 1102632 1119066 1030 63481 74112 683 43671 56908
121. 4 1134916 1176049 683 63694 76882 719 546 33271
122. 4 1172523 1186828 719 29709 39543 1048 26903 30842
123. 4 1188206 1220558 719 39792 61810 1048 10269 26344
124. 4 1219403 1234050 719 60447 69816 1048 3821 8612
125. 4 1249007 1269411 559 826 8580 719 78400 89521
126. 4 1272038 1293729 559 12621 19806 719 95268 109229
127. 4 1300503 1333964 1025 29039 43551 719 115795 140712
128. 4 1334573 1341867 547 8724 11813 1025 24819 28850
129. 4 1339747 1350788 547 1628 10724 1060 79371 86820
130. 4 1349643 1397663 1060 50067 80456 719 147585 160291
131. 4 1422301 1462758 1060 4131 28282 719 184811 203304
132. 4 1461841 1488568 1060 27242 42926 719 169588 182624
133. 4 1490856 1501595 719 161027 169434 1060 43443 49766
134. 5 67775 78828 702 110592 115872 1059 12012 18222
135. 5 76585 127488 702 86866 112853 1059 26683 62193
136. 5 154987 166409 1055 83232 88864 610 27225 32945
137. 5 181119 189506 672 60353 62323 1055 75659 78855
138. 5 193083 203809 660 33260 40247 1059 139329 144465
139. 5 202124 219211 1059 128076 141242 1057 24828 35255
140. 5 219822 246144 580 13333 17238 658 32478 51474
141. 5 255428 262939 541 6196 9380 373 179 3151
142. 5 264820 306473 646 2 1600 541 1 5779
143. 5 310411 323116 241 2 1225 646 2309 10381
144. 5 319728 365163 646 7012 34924 584 5800 29152
145. 5 369100 384102 696 518 6066 1051 37251 50494
146. 5 380176 391268 1051 46676 52425 1052 1 5750
147. 5 412896 417219 673 4979 7310 520 3 861
148. 5 416419 437133 673 6519 13775 565 4698 19392
149. 5 443419 446973 614 299 1494 673 17500 19378
150. 5 449481 497189 705 24842 49412 716 36637 62390
151. 5 497958 506733 622 7679 14995 400 3 2603
152. 5 523206 531581 622 3 7236 604 1 1420
153. 5 533655 574007 604 1680 18192 1025 4025 23175
154. 5 575313 605974 1027 29385 40596 710 65757 96757
155. 5 606340 627882 1061 201603 215775 602 22058 31281
156. 5 628153 643370 1027 46212 55745 1061 218507 223290
157. 5 664317 683455 648 23808 34389 1022 56678 63218
158. 5 681382 691872 1022 51309 58741 697 86011 89551
159. 5 687623 718894 1022 38791 56431 702 31432 48921
160. 5 722528 747495 1007 1882 15692 1030 37309 40270
161. 5 749584 780129 1030 9972 37080 668 13412 15562
162. 5 781814 789160 668 17352 24517 1030 7749 9970
163. 5 786589 791666 668 16222 20128 1030 272 1293
164. 5 812397 819193 1040 746 4529 721 209354 215070
165. 5 818579 848345 721 194666 210130 1041 2 13450
166. 5 843354 861270 1041 8316 19239 623 24898 28423
167. 5 862710 876000 1028 33332 38761 623 16108 21744
168. 5 894838 916224 721 167404 182967 679 39172 45318
169. 5 916575 934125 679 52908 63064 721 150247 166949
170. 5 932380 972798 721 130054 152064 562 8874 21001
171. 5 975831 991429 562 126 8720 721 121914 127222
172. 5 991530 1006931 568 12710 25478 721 118202 121649
173. 5 1008309 1018184 568 1056 12170 721 110845 117197
174. 5 1020231 1068619 567 8419 24161 721 80901 110447
175. 5 1062815 1080767 721 72186 85372 664 57517 59745
176. 5 1082142 1098419 721 63445 71905 664 48468 57142
177. 5 1099354 1179441 664 1982 48194 721 21969 63200
178. 5 1175450 1214445 721 2 25912 700 173 13610
179. 5 1234550 1244628 696 34295 44485 1051 3878 6017
180. 5 1249365 1280684 635 18754 34855 2003 86071 108652
181. 5 1287603 1357099 2003 52261 85300 1009 6839 48316
182. 5 1361681 1386198 1056 155581 164791 1002 15938 28103
183. 5 1436277 1458247 626 16689 27175 1051 139006 148062
184. 5 1454035 1464708 626 12002 21258 485 1 4420
185. 6 30927 67795 1044 43041 70495 1020 20975 32447
186. 6 69699 90329 1044 30321 42277 1020 32483 48771
187. 6 90708 110863 1044 6839 26913 1020 48941 52010
188. 6 137634 177281 1058 1972 28475 587 2031 26570
189. 6 223080 244186 1058 52041 71054 542 2623 5062
190. 6 248890 282368 1058 71994 96792 1055 70590 73358
191. 6 318194 379851 634 3 36817 689 1 29028
192. 6 379953 458612 651 21091 55369 689 29532 73678
193. 6 506028 520786 1010 3106 5444 582 10156 18760
194. 6 544018 557303 536 2218 7883 1056 170156 173845
195. 6 559256 570309 2003 231563 237850 1061 82593 92810
196. 6 599443 603192 626 383 3950 1051 133733 137487
197. 6 634594 642953 1022 30342 31883 588 6869 13681
198. 6 643237 664560 1055 50091 65860 672 44690 56510
199. 6 701778 746970 596 4697 27652 679 11372 38817
200. 6 739646 771981 679 1346 19608 682 590 16562
201. 6 796555 806477 1053 48702 50546 613 22703 28921
202. 6 807097 820551 613 33636 40752 1053 43123 48269
203. 6 824743 876821 613 1926 20301 1053 191 33810
204. 6 874521 881045 613 2 4154 1028 1 2022
205. 6 893564 913062 2003 35551 47987 705 116346 122788
206. 6 911719 916561 2003 46458 50226 343 3 1663
207. 6 917384 919846 2003 50431 51811 1009 122 2670
208. 6 920547 938543 705 76316 89496 716 86258 93541
209. 6 930493 959058 705 80682 96066 2003 206432 219781
210. 6 967691 1002274 2003 9783 34784 705 96318 115673
211. 6 1002844 1032330 716 62733 83372 705 49819 66487
212. 6 1041008 1048668 1045 9366 14659 1040 178384 184327
213. 6 1061760 1068284 522 2392 5412 709 14762 21837
214. 6 1076121 1084987 1034 13474 18799 577 13627 16986
215. 6 1086482 1108425 577 1 13419 709 2203 11945
216. 6 1116049 1121587 1040 175732 178151 1045 6381 8637
217. 6 1161801 1183257 705 3 13656 716 15927 23118
218. 6 1184777 1204906 716 23571 35148 676 15698 27972
219. 6 1205320 1217782 716 985 8181 676 29051 33944
220. 6 1217267 1221587 676 33393 34807 712 129615 130532
221. 6 1222278 1286179 714 24862 66300 1036 1050 30087
222. 6 1285487 1311981 714 11828 25656 676 43 15617
223. 6 1312331 1324436 658 3 6367 714 5211 11315
224. 6 1322949 1343485 714 50 6689 658 9566 24440
225. 6 1347661 1357411 658 25884 32286 580 5804 13213
226. 6 1357590 1401605 1059 100285 125822 1057 748 24608
227. 6 1401871 1418108 648 34940 49254 1059 87434 99953
228. 6 1419964 1467317 1059 62428 86599 702 50260 86169
229. 6 1468098 1516360 1055 103495 137432 610 2 24832
230. 6 1519346 1539989 635 50 14494 1033 10369 20818
231. 6 1538301 1552830 1033 3058 12141 585 1 8033
232. 6 1547280 1561522 585 2305 15009 716 115334 117591
233. 6 1564555 1575440 589 18757 23585 716 106848 113197
234. 6 1580584 1604041 716 93754 106570 589 396 12419
235. 7 30407 78660 687 20006 39115 712 8267 44093
236. 7 80433 103356 687 41207 60509 712 44363 57803
237. 7 108671 123775 712 69157 83330 687 60831 62190
238. 7 124053 141459 712 85785 92342 687 62410 78650
239. 7 142143 151929 676 57563 64155 712 93228 96580
240. 7 152313 193160 712 98044 129464 676 34951 54930
241. 7 194153 255051 714 66807 108782 1036 30820 60608
242. 7 256458 285540 714 108938 118359 1036 60897 73595
243. 7 292858 315009 1040 156263 168344 714 120450 129294
244. 7 316270 337896 1062 770 7528 1040 146244 156206
245. 7 333951 375484 1040 123776 150035 641 524 20064
246. 7 373469 405890 1040 102425 125755 641 22404 36529
247. 7 406086 413920 660 19276 22967 641 36831 42471
248. 7 414405 423530 660 53224 58739 1059 166059 168882
249. 7 422844 442022 1059 154562 166760 660 22969 30378
250. 7 440283 457123 1059 148547 156337 660 43254 52830
251. 7 457246 465337 672 57211 60087 1055 66101 70443
252. 7 468537 487806 588 17610 30307 1058 198807 203916
253. 7 488096 498141 1041 130884 137361 1058 204050 207403
254. 7 494464 510427 1041 133624 143733 1058 174688 178065
255. 7 510561 527719 1041 102798 118986 1058 178202 181239
256. 7 535474 553536 1007 16158 31759 1041 96036 100188
257. 7 618184 628388 1041 31701 38754 1058 207652 210742
258. 7 653942 708639 1006 3 28109 578 2488 28229
259. 7 713923 730604 1006 28553 35450 694 10903 19937
260. 7 733113 746410 694 20240 27643 1006 36322 43949
261. 7 755459 779753 694 28271 37778 1006 44345 60843
262. 7 782211 836809 694 42696 66068 671 40385 65350
263. 7 830050 845832 671 38073 46392 694 80723 86798
264. 7 846079 855454 583 2 4821 671 32577 37803
265. 7 857050 871270 1054 12 5613 671 26780 31533
266. 7 872129 890892 671 16759 25610 1054 8586 26548
267. 7 895162 906700 671 8465 15505 695 3882 7947
268. 7 899864 909966 671 8465 11311 695 163 5465
269. 7 944286 973976 600 16759 29669 682 38007 58226
270. 7 971803 989311 682 56025 64208 506 2070 14091
271. 7 983375 1002277 682 58632 71573 1061 2 4368
272. 7 1002588 1045430 1038 98375 115503 1061 4433 16541
273. 7 1042617 1088896 1061 13590 40599 1038 118409 147905
274. 7 1112178 1128794 566 11667 23042 1038 89437 97184
275. 7 1131579 1246911 1039 24533 94276 1038 40413 89151
276. 7 1248269 1257063 576 17688 24727 1038 27896 33836
277. 7 1257705 1269729 1039 16703 24146 1038 34393 40085
278. 7 1279215 1295502 576 2 7830 1038 13644 19058
279. 7 1302699 1325439 1018 16318 30784 1017 12456 24677
280. 7 1351960 1358061 1063 825 5941 1050 47168 50112
281. 7 1363249 1404125 710 100893 127975 2003 266476 291443
282. 7 1407117 1432624 2003 197237 206145 716 117828 136824
283. 7 1468135 1477173 668 24771 29939 710 21269 25636
284. 7 1495922 1510096 1030 41576 44483 683 9056 12591
285. 7 1509230 1519426 683 5696 9883 702 20884 25854
286. 7 1531495 1548137 1005 100 10374 639 23618 33736
287. 7 1541831 1563881 1005 7362 15310 639 11788 25135
288. 7 1569714 1575782 683 13816 17030 1030 45188 48859
289. 7 1576512 1627971 1061 118625 149850 1029 12889 29784
290. 7 1644503 1658076 716 137109 142903 519 3302 14194
291. 7 1652908 1664230 519 1661 7317 2003 222120 226375
292. 8 57753 94133 1028 52181 77303 2001 61840 75066
293. 8 105471 131923 1014 80264 91733 537 4259 15109
294. 8 132738 146488 1055 39569 49214 2002 146534 153968
295. 8 151103 172708 2002 125771 146202 1055 33781 39223
296. 8 180518 191120 2002 112728 121721 416 242 1883
297. 8 191540 226873 701 73022 94323 2002 92957 111621
298. 8 227237 242578 720 124040 138134 1059 193359 204044
299. 8 245136 257518 720 45759 50009 1059 204219 212087
300. 8 259800 277179 458 3 9046 720 54652 60914
301. 8 288203 303603 720 65993 77013 532 13817 15713
302. 8 292114 310851 720 69320 83458 1058 115088 117273
303. 8 310426 363323 1058 116764 143346 720 85877 116621
304. 8 365097 376874 1058 143538 149690 720 116875 123057
305. 8 378344 407877 720 29193 45453 1058 150148 162946
306. 8 411070 449112 1011 171 25008 720 7048 28207
307. 8 449230 461550 465 1173 8514 720 2174 6892
308. 8 460360 479175 720 3 3292 1049 1 14911
309. 8 482267 496768 1049 15177 23936 1004 56319 60805
310. 8 498715 553176 1004 15870 56209 1049 24176 51626
311. 8 570533 599494 1004 1 15803 686 31629 50745
312. 8 604465 614858 1055 20669 33004 1017 3647 7128
313. 8 616972 629506 1018 8610 16062 1017 8424 11216
314. 8 630668 643298 1038 915 8971 459 3064 6882
315. 8 654884 675140 528 3048 15159 555 1 9049
316. 8 677217 682742 1027 3171 7955 623 803 4642
317. 8 683735 703266 710 26602 35154 1027 8320 14999
318. 8 703423 722345 1027 20750 26375 710 41409 53329
319. 8 716467 733784 710 47271 64675 127 3 556
320. 8 736894 750159 604 18638 26083 1060 88912 94692
321. 8 750413 762923 602 7089 14874 1061 232687 243206
322. 8 776732 800727 575 1175 17612 648 19150 22938
323. 8 823303 835155 1056 99770 106896 675 56681 66863
324. 8 836980 878361 675 38670 56513 1056 78595 99481
325. 8 893051 935029 675 9810 23096 1056 42879 68238
326. 8 936960 951772 675 27573 37645 1056 68395 73749
327. 8 952862 967500 697 461 8896 1056 33452 38285
328. 8 973355 998358 618 13206 23614 573 3 12078
329. 8 1017096 1027827 472 356 8275 695 11173 16820
330. 8 1030928 1040441 488 2 7748 695 17005 22038
331. 8 1058448 1070623 474 3 7937 695 84556 88429
332. 8 1089822 1102995 677 61631 71866 1056 16198 20360
333. 8 1107939 1113323 1056 20796 25786 697 14775 18366
334. 8 1113635 1123558 1056 27530 33201 697 10324 14033
335. 8 1160383 1191788 1056 2174 15529 618 2125 10044
336. 8 1193279 1209546 694 66241 74562 628 28744 39778
337. 8 1211129 1217623 628 41065 43247 695 88748 92722
338. 8 1217045 1223920 628 42621 46434 695 81857 83978
339. 8 1223984 1236340 583 5617 17383 628 47066 52865
340. 8 1243241 1265991 549 575 10580 583 17896 24608
341. 8 1263772 1272922 583 22341 26652 560 2385 4401
342. 8 1273683 1279732 584 151 3544 646 44023 46300
343. 8 1280187 1302604 686 1 12505 646 36898 43512
344. 8 1304724 1343694 1051 9472 36966 696 6350 27462
345. 8 1346402 1360501 1028 17035 27522 623 4636 15521
346. 8 1358646 1366559 1028 13509 18548 710 9067 11502
