>Klactis$
1. 1 2 3 4 5 6 7 8 9 10 11 12 13 14 15 16 17 18 19 20 21 22 23 24 25 26 27 28 29 30 31 32 33 34 $
2. 35 36 37 38 39 40 41 42 43 44 45 46 47 48 49 50 51 52 53 54 55 56 57 58 59 60 61 62 63 64 65 66 67 68 69 $
3. 70 71 72 73 74 75 76 77 78 79 80 81 82 83 84 85 86 87 88 89 90 91 92 93 94 95 96 97 98 99 100 101 102 103 104 105 106 107 108 109 110 111 112 113 114 115 116 117 118 119 120 $
4. 121 122 123 124 125 126 127 128 129 130 131 132 133 134 135 136 137 138 139 140 141 142 143 144 145 146 147 148 149 150 151 152 153 154 155 156 157 158 159 160 161 $
5. 162 163 164 165 166 167 168 169 170 171 172 173 174 175 176 177 178 179 180 181 182 183 184 185 186 187 188 189 190 191 192 193 194 195 196 197 198 199 200 201 202 203 204 205 206 207 208 209 210 211 212 213 214 215 216 217 218 219 220 221 222 223 224 $
6. 225 226 227 228 229 230 231 232 233 234 235 236 237 238 239 240 241 242 243 244 245 246 247 248 249 250 251 252 253 254 255 256 257 258 259 260 261 262 263 264 265 266 267 268 269 270 271 272 273 274 275 276 277 278 279 280 281 282 283 284 285 286 287 288 289 290 291 292 293 294 295 296 297 298 299 300 301 302 303 304 305 306 307 308 309 310 311 312 $

>Scerevisiae$
1. -225 11 104 -298 232 12 249 250 26 $
10. 78 -50 18 19 49 -17 -16 -201 -291 269 270 124 133 -230 -229 -228 231 -139 272 294 139 274 -264 -140 -187 271 34 -188 -204 -221 -278 24 -46 69 -176 77 174 -175 -143 -42 -41 $
11. -69 46 126 127 39 19 49 193 65 -234 -268 -267 45 306 307 308 309 310 -180 -103 304 305 211 -182 210 -68 -124 -270 269 291 201 16 17 276 277 -23 -197 -2 -257 $
12. 162 273 274 -264 -140 -187 -273 -280 -303 253 132 284 285 -281 -170 158 159 130 71 72 -213 148 -114 -113 240 -265 13 288 -160 262 295 296 -287 -286 83 84 -119 -118 -117 -44 9 -67 -51 -164 -173 -40 -39 -127 -126 -125 -43 58 172 $
13. 142 -115 -87 123 192 142 -115 42 43 125 -24 7 -108 -36 5 -86 -180 -103 -310 -309 -308 -307 -45 267 268 234 -65 -193 -280 -279 -220 -248 -247 165 141 -112 -137 -150 -149 57 -244 -243 -90 -89 -52 -66 -302 252 -53 -192 -123 87 28 29 106 235 $
14. 1 166 -215 179 22 101 72 73 74 75 76 77 -161 289 -136 -135 -312 144 222 33 -300 -299 105 -98 -181 -239 236 -237 184 183 185 262 130 -131 -244 -243 -242 -92 -246 -255 120 $
15. 166 -215 179 22 101 102 79 80 233 -290 -209 82 198 -301 81 53 249 -250 62 -31 -297 86 122 -21 -205 219 -275 276 277 -23 -105 299 -216 167 88 -8 -287 -286 83 84 226 227 134 -258 -94 -90 -89 -52 -66 -302 252 -12 -232 298 -104 -11 225 $
16. 121 -154 -57 149 150 137 112 37 38 128 -212 94 258 -134 -227 -226 -224 -223 55 56 146 -248 147 -199 10 -177 -176 -63 -54 -138 -111 -110 -251 155 -60 -59 -169 58 172 $
2. 177 178 -214 -175 -174 64 194 190 -99 14 207 208 129 -48 -129 -47 -30 -238 -283 -282 -259 -195 -194 -64 -63 -54 -138 -111 209 290 80 233 -55 -224 -223 85 254 -256 -245 156 -231 -229 -228 230 -133 $
3. 70 131 -32 -18 50 -78 -73 -242 -92 -246 -255 120 $
4. -161 289 -136 -109 -266 241 -213 148 -114 -113 240 241 185 186 -200 -141 -165 247 220 279 40 173 164 198 -301 81 -208 207 -48 -47 -30 -238 -283 282 259 -195 -189 -163 100 116 -261 -260 284 285 -281 -170 158 159 160 -288 -13 265 266 109 -147 -146 -205 219 -275 97 -96 -95 -107 196 151 206 -292 20 -293 -218 -217 -216 167 88 -8 -7 -6 -5 36 108 -168 -21 -56 -79 -102 -71 -70 $
5. 74 -122 -121 6 278 221 -32 -153 -152 -61 -143 35 -4 171 -311 91 -93 214 -178 263 -189 -163 100 116 -261 -260 $
6. 1 -132 -253 303 -199 -31 -297 -296 25 157 -3 -145 $
7. 145 3 4 -35 -263 10 -295 186 -200 37 254 -256 -245 212 -128 -38 -85 -191 -190 -99 -14 -26 -118 -119 -117 -44 9 75 -67 -51 -82 -110 -251 155 -60 -59 -169 -191 271 272 294 34 -188 -204 -203 -202 -15 27 28 29 106 235 $
8. 162 304 305 -68 -211 -306 -168 25 96 -97 -95 -107 196 151 206 -292 20 -293 -218 -217 300 -33 222 -312 144 135 -203 -76 -202 -15 27 -41 $
9. 257 2 197 -98 -181 -239 236 237 -183 184 93 91 311 -171 -157 -154 -153 -152 -61 156 62 -210 182 $


# markers coordinates
1. 1 26582 29091 6 10301 12259 14 12208 14163
2. 1 29717 65971 9 48091 75773 11 617638 634817
3. 1 67685 110648 7 39023 69331 6 231999 248121
4. 1 111159 148916 5 221845 237118 7 69671 92386
5. 1 152383 169823 13 251839 258416 4 1303166 1319267
6. 1 159689 189519 4 1293361 1314884 5 52721 60851
7. 1 186220 194369 4 1292364 1296678 13 192788 195755
8. 1 193623 212568 4 1284061 1293083 15 626629 638559
9. 1 215305 241346 12 829488 839252 7 575402 583896
10. 1 269553 278677 7 191135 200148 16 573015 577355
11. 1 297542 335322 1 42882 61053 15 1009222 1025570
12. 1 344642 371615 1 87287 105873 15 918603 931078
13. 1 374897 389165 4 868221 893924 12 600021 604789
14. 1 439349 453730 2 209656 217132 7 472860 478657
15. 1 454423 513349 7 970776 999145 8 420376 447605
16. 1 514368 544439 10 147098 159844 11 535289 558596
17. 1 547338 562730 10 137376 146041 11 559308 565534
18. 1 563147 569927 3 170882 176434 10 82093 85334
19. 1 573195 618004 10 87581 109455 11 109274 133467
20. 1 628173 635452 4 1147373 1153620 8 283779 286772
21. 1 640536 646013 15 378219 380806 4 1414567 1416866
22. 1 646573 676808 14 61958 82541 15 92026 109889
23. 1 677067 710911 11 590037 608007 15 455909 479190
24. 1 711231 730312 10 532055 537542 13 170402 183363
25. 1 736461 750446 6 199862 204738 8 134547 146055
26. 1 763946 790467 1 147596 159794 7 479915 495171
27. 1 806124 835386 8 452872 483837 7 1004630 1014095
28. 1 835653 843938 13 845570 849808 7 1014327 1017765
29. 1 844245 891850 7 1019604 1045486 13 850073 869626
30. 1 917868 928255 2 328369 333810 4 486801 492321
31. 1 928563 948501 15 278057 292075 6 162482 168489
32. 1 978095 994158 5 120498 130561 3 160740 167995
33. 1 998888 1013991 14 360926 372228 8 359705 361647
34. 1 1014918 1025292 7 880425 883815 10 451013 454674
35. 2 44819 59209 5 208978 221286 7 92516 98589
36. 2 61451 158455 4 1319379 1382038 13 209525 251516
37. 2 159037 199157 16 130161 151329 7 245721 269194
38. 2 199514 217747 7 377612 384769 16 151514 163596
39. 2 219931 257275 11 84709 108604 12 934412 956707
40. 2 250482 304733 12 907950 940979 4 316971 336121
41. 2 326871 390200 8 486230 511837 10 667638 703062
42. 2 395811 415888 10 654731 665013 13 104777 115347
43. 2 412600 500990 13 111865 164176 12 993431 1035761
44. 2 507613 553622 7 531887 561354 12 795573 829379
45. 2 561565 575935 11 260776 270294 13 424988 431094
46. 2 576636 584164 10 544055 548236 11 68274 73870
47. 2 596500 610662 2 315575 323945 4 478471 483857
48. 2 614589 623052 2 298292 306955 4 471850 475986
49. 2 623544 656828 11 133726 145383 10 109960 133932
50. 2 659591 675017 10 71365 79261 3 177496 186019
51. 2 681163 721240 12 852494 868390 7 606140 631277
52. 2 722254 748323 13 721592 733140 15 855146 867851
53. 2 758017 772606 13 775314 788882 15 228613 231271
54. 2 775550 835415 2 450875 490386 16 681210 704654
55. 2 840160 873872 2 549765 567475 16 445839 456661
56. 2 874338 880630 4 1420423 1422477 16 457115 459675
57. 2 895841 905954 16 69485 74719 13 654033 661528
58. 2 939675 950630 16 876843 887833 12 1053627 1055682
59. 2 951111 989360 7 725053 741667 16 791214 824334
60. 2 989629 1002427 16 786204 789321 7 717362 724768
61. 2 1013848 1029105 5 177834 189310 9 370701 374857
62. 2 1030050 1034298 15 272004 274354 9 381083 382379
63. 2 1043344 1065621 2 424984 441309 16 657526 667443
64. 2 1065991 1083366 2 146190 159696 2 418901 424823
65. 2 1084129 1126543 11 189129 218861 13 466299 499208
66. 2 1131377 1145763 13 733544 741311 15 868339 874070
67. 2 1146006 1160833 12 841330 852018 7 599421 605505
68. 2 1162142 1194561 11 421067 444581 8 95114 105086
69. 2 1222276 1269626 10 559409 578183 11 31083 63360
70. 3 24124 134927 3 12386 82275 4 1459720 1500545
71. 3 133089 153592 4 1447822 1461546 12 511056 524392
72. 3 152834 168941 12 523634 534395 14 110917 118809
73. 3 172317 182686 3 201170 207946 14 119268 122170
74. 3 189083 213882 14 122883 144079 5 29797 33466
75. 3 208462 221432 14 138551 145282 7 584899 590915
76. 3 227814 246508 14 146897 164321 8 407106 412409
77. 3 250633 279804 14 164624 190958 10 612409 615149
78. 3 296848 330481 10 50629 70878 3 186485 199545
79. 3 330900 342000 4 1422755 1428112 15 138107 143696
80. 3 339645 345969 15 141584 147163 2 536569 539699
81. 3 346318 374447 15 207392 224178 4 399337 416705
82. 3 409543 417156 15 189658 194800 7 637748 640375
83. 3 417217 444062 12 695048 717028 15 671846 680545
84. 3 461375 479665 12 718319 730303 15 681445 692033
85. 3 490633 515991 2 645545 662244 7 385199 401290
86. 3 520079 550045 15 301381 322995 13 269019 282584
87. 3 550683 564482 13 838186 845344 13 26930 33851
88. 3 566371 595695 15 605348 611389 4 1259893 1277161
89. 3 596252 644847 13 689082 721402 15 837673 851838
90. 3 646269 662187 13 684466 687283 15 821022 834194
91. 3 662466 738101 9 226599 264891 5 266511 321842
92. 3 738306 799209 3 211925 247907 14 665341 691288
93. 3 799820 815795 9 216655 225951 5 322682 327027
94. 3 823980 871973 15 797677 820773 16 216011 246219
95. 3 872435 883305 4 1063348 1075167 8 218228 220502
96. 3 878425 926574 4 1038276 1068386 8 175541 189857
97. 3 950647 958491 8 194061 197226 4 1019364 1024751
98. 3 971068 986999 14 470055 476620 9 83302 88716
99. 3 999466 1005254 2 206110 209227 7 452409 457072
100. 3 1006574 1028704 5 483320 491953 4 603061 618303
101. 3 1032731 1039304 15 112102 115808 14 103134 108928
102. 3 1042861 1062944 15 116396 132482 4 1431960 1446986
103. 3 1063093 1089890 13 325876 339276 11 327762 346408
104. 3 1096922 1122846 1 61317 69526 15 997210 1009114
105. 3 1123917 1198063 15 482035 522283 14 427737 469625
106. 3 1198406 1238962 13 870072 892220 7 1045650 1057263
107. 3 1274520 1294602 4 1075861 1088939 8 220727 230698
108. 3 1297342 1301640 4 1383803 1386508 13 204386 206293
109. 3 1305101 1344842 4 924781 953977 4 86208 97954
110. 3 1349181 1367839 16 716154 729526 7 640724 644599
111. 3 1365488 1383405 16 713273 718466 2 499646 512768
112. 3 1383929 1420543 16 103232 129137 13 611015 627807
113. 3 1421680 1441309 12 562010 566283 4 176774 194226
114. 3 1448866 1465052 4 167715 176487 12 554580 561734
115. 3 1473776 1481469 13 20762 23684 13 92235 99400
116. 3 1544404 1591629 4 626705 645032 5 505387 540358
117. 3 1592949 1604557 12 784913 787333 7 511549 522837
118. 3 1605788 1618042 7 498480 508368 12 778173 783387
119. 3 1613311 1630805 7 498480 502370 12 764808 778952
120. 3 1638916 1654455 14 707790 712813 3 274401 287934
121. 4 73422 85126 5 42400 51539 16 44551 48802
122. 4 86703 101259 5 34407 41953 15 331456 338622
123. 4 139183 171784 13 42043 62322 13 804455 824630
124. 4 187364 208719 11 463602 478475 10 278836 293976
125. 4 212703 227251 12 982891 992729 13 164790 167308
126. 4 228564 236146 11 74937 78651 12 971914 975518
127. 4 238050 251055 11 78871 82644 12 963782 971692
128. 4 263816 286345 7 364338 377258 16 164275 174701
129. 4 293313 313599 2 281443 291865 2 310564 314788
130. 4 409305 417331 12 506136 510234 14 618509 620980
131. 4 419435 433353 14 622917 627144 3 91324 103358
132. 4 441827 505442 12 260980 289251 6 36803 68696
133. 4 544437 561184 2 773918 777850 10 303176 307851
134. 4 562063 642525 16 278394 318944 15 733926 783299
135. 4 667841 701327 8 380575 391700 14 307403 334869
136. 4 700152 738918 14 280433 308614 4 65243 80413
137. 4 747666 753723 13 628188 631969 16 99484 101353
138. 4 760795 771084 2 491263 496863 16 704852 709826
139. 4 792405 804095 10 419951 424103 10 383832 390848
140. 4 817452 830193 10 436796 442546 12 151388 156333
141. 4 831834 852683 13 590039 605519 4 270222 274876
142. 4 861726 891515 13 74398 90731 13 11484 20536
143. 4 903967 927829 10 640819 654232 5 196947 204962
144. 4 936863 951097 14 342518 346060 8 372697 377702
145. 4 973371 991099 6 248510 255036 7 23935 36762
146. 4 993485 1016927 16 464398 481898 4 963408 969676
147. 4 1017503 1041040 4 954284 963102 16 488885 509997
148. 4 1045077 1061786 12 546099 553679 4 159605 167255
149. 4 1063576 1083843 13 640914 651909 16 75699 82356
150. 4 1086914 1109728 13 632354 640603 16 82625 98625
151. 4 1110164 1141208 4 1108699 1120228 8 246195 261593
152. 4 1153371 1175669 9 357412 369905 5 162722 173337
153. 4 1178179 1216283 5 138918 162441 9 335663 356892
154. 4 1211322 1221424 9 334879 343653 16 49303 52671
155. 4 1238190 1322697 16 742452 785667 7 654638 706505
156. 4 1325624 1336230 2 722606 728097 9 375428 379778
157. 4 1336727 1366245 9 311163 324103 6 213300 226538
158. 4 1384826 1526666 12 402795 447576 4 748610 816557
159. 4 1526808 1548787 12 491868 500272 4 817947 832470
160. 4 1549382 1589332 12 614757 628199 4 832856 859141
161. 4 1590084 1687935 14 191325 263204 4 22823 52174
162. 5 32524 76093 8 21780 45688 12 39803 65206
163. 5 92292 119204 5 468365 482843 4 598465 602866
164. 5 121191 131779 12 872825 877177 4 359825 365874
165. 5 132673 166842 13 568550 589549 4 275148 289512
166. 5 174481 199797 15 44937 56279 14 18001 31377
167. 5 205466 308568 4 1215008 1259701 15 552299 605093
168. 5 309039 335921 8 120086 132915 4 1388864 1404165
169. 5 336505 365595 7 756901 777513 16 831051 859741
170. 5 366535 373421 4 740470 746098 12 385535 388221
171. 5 378888 410281 9 275107 291668 5 237569 254386
172. 5 423256 438168 12 1055810 1058516 16 888039 900450
173. 5 439551 489966 12 878282 907918 4 336249 356759
174. 5 496271 503590 2 141250 145731 10 620747 623006
175. 5 506394 531294 2 125128 137464 10 633609 640445
176. 5 531676 573293 10 580425 608854 16 637376 654844
177. 5 571704 617452 16 610478 639016 2 9961 44086
178. 5 609924 643074 2 40828 60735 5 394288 404348
179. 5 643888 682890 15 65621 85264 14 40618 59791
180. 5 684098 690515 11 325415 327131 13 319436 325434
181. 5 699154 716660 9 89948 96375 14 479769 488125
182. 5 717476 729026 11 389883 398393 9 419612 421787
183. 5 737811 758538 14 584321 597540 9 183934 195067
184. 5 766878 781831 9 197928 204650 14 574507 583375
185. 5 782800 789505 14 602908 605612 4 242552 246447
186. 5 789922 827517 7 214086 229691 4 246689 264964
187. 5 840647 859959 10 442902 448018 12 156854 163892
188. 5 861812 872172 10 456232 459419 7 884514 887880
189. 5 890157 915095 4 582789 598079 5 453454 467465
190. 5 915551 950994 2 177877 203264 7 440068 449962
191. 5 943825 968229 7 431553 446148 7 786059 793058
192. 5 968674 993105 13 789377 804221 13 62582 73920
193. 5 1079451 1088158 11 179672 188645 13 499455 502733
194. 5 1088810 1105457 2 160187 169379 2 409163 416900
195. 5 1100281 1122544 2 401247 413975 4 569232 573723
196. 5 1125573 1134970 8 230972 237695 4 1092738 1095175
197. 5 1142167 1158452 11 612307 617177 9 76354 83041
198. 5 1177801 1184344 4 371237 375286 15 196507 198725
199. 5 1231826 1273903 16 550629 568993 6 145109 160354
200. 5 1316238 1330381 7 230248 241090 4 265258 269976
201. 5 1331095 1384210 10 160616 197124 11 519169 533106
202. 5 1385802 1397786 7 961364 970058 8 412910 420075
203. 5 1397950 1441223 8 392642 406181 7 922180 958213
204. 5 1464299 1477821 7 903479 912817 10 466514 470957
205. 5 1479322 1503177 4 971804 1002019 15 383533 400104
206. 5 1503510 1525750 4 1120604 1133065 8 262803 276242
207. 5 1526177 1570233 2 227639 257973 4 446964 462513
208. 5 1569250 1574901 2 257110 269503 4 432327 433991
209. 5 1575809 1596283 15 171070 189414 2 515658 526622
210. 5 1604192 1631597 11 402211 420859 9 397291 405964
211. 5 1652892 1662238 8 108807 113089 11 382359 388548
212. 5 1670923 1730318 16 175042 207646 7 328877 360103
213. 5 1732921 1759794 4 145827 158736 12 535216 545700
214. 5 1766853 1869524 2 61199 124762 5 333172 393708
215. 5 1870154 1884723 14 33293 40328 15 58759 65350
216. 5 1885338 1902105 4 1199175 1213606 15 539764 550247
217. 5 1900927 1922616 4 1186100 1200545 8 328306 337812
218. 5 1924493 1943651 4 1176332 1185882 8 314877 328039
219. 5 1943933 1952545 15 400348 406544 4 1002506 1005139
220. 5 1954118 1969744 4 303211 310122 13 547713 556474
221. 5 1973522 2036380 5 80462 117474 10 486579 525374
222. 5 2037327 2046779 14 349909 355044 8 362118 367895
223. 5 2051146 2063543 2 629163 633376 16 426230 434087
224. 5 2065845 2189949 2 571463 628304 16 348443 425844
225. 6 20124 46690 1 31568 41902 15 1031487 1043040
226. 6 54232 95305 16 324410 344738 15 710447 724726
227. 6 93422 108683 15 722912 733458 16 319225 326263
228. 6 115485 145774 2 746356 757101 10 328113 348632
229. 6 126312 166530 10 315754 345738 2 738577 744393
230. 6 165000 188266 10 310917 316975 2 757616 770411
231. 6 188816 200429 2 728880 736035 10 349575 353610
232. 6 208858 237840 15 936728 960179 1 79719 87032
233. 6 245783 257873 15 147382 154745 2 539981 545972
234. 6 271837 279586 13 459423 462608 11 224371 229524
235. 6 280155 290815 13 892987 897602 7 1057789 1063159
236. 6 311639 378254 14 503725 551988 9 134414 173025
237. 6 378710 390244 9 175304 180236 14 557921 560480
238. 6 397611 421052 2 334384 347299 4 492553 512106
239. 6 421860 468029 9 97395 131662 14 488387 502778
240. 6 478044 505221 4 194572 212047 12 566656 573920
241. 6 506007 564866 4 107209 144224 4 213352 241840
242. 6 571896 579571 3 208131 211541 14 662915 664946
243. 6 578912 605622 14 644322 663583 13 675895 683563
244. 6 608680 626417 13 664751 674765 14 636988 644195
245. 6 633167 657959 2 702584 717989 7 308716 323233
246. 6 658475 673094 3 252842 259266 14 693021 699433
247. 6 680589 690556 4 292781 300999 13 564434 568181
248. 6 690795 696101 16 486710 488205 13 560365 562527
249. 6 707516 743643 1 114920 131986 15 234939 254616
250. 6 742468 757231 1 130802 136635 15 259924 267530
251. 6 761965 777572 16 729789 742062 7 644864 650621
252. 6 790859 817837 13 749929 758830 15 888518 907552
253. 6 818541 835637 6 75177 81910 12 251273 260548
254. 6 875250 906080 7 271003 280529 2 662990 680045
255. 6 943788 957400 3 259575 272860 14 699692 703087
256. 6 957948 993279 2 682174 701837 7 289812 308570
257. 6 1000899 1013788 9 39433 47973 11 635489 639606
258. 6 1026129 1057103 16 261726 277528 15 784858 795333
259. 6 1082975 1092494 2 383209 389211 4 551858 555150
260. 6 1093680 1098154 5 548416 550522 4 665346 667855
261. 6 1095626 1109412 5 546812 549512 4 655683 666767
262. 6 1125630 1134574 12 636782 641023 14 606320 614361
263. 6 1143195 1161806 7 122699 139967 5 425184 433954
264. 6 1187526 1200210 12 141072 150162 10 432638 435920
265. 6 1201353 1239399 4 895031 921643 12 574153 592045
266. 6 1234589 1247548 4 916482 923802 4 103650 106495
267. 6 1247633 1278094 11 237180 257487 13 434787 455555
268. 6 1266539 1283247 13 442526 457260 11 231871 235431
269. 6 1284278 1315137 10 227323 251686 11 483062 497196
270. 6 1315326 1341213 10 254732 277997 11 478877 482782
271. 6 1380006 1390728 7 836392 844965 10 448470 450658
272. 6 1386169 1416293 7 840829 865758 10 392399 396587
273. 6 1428408 1447323 12 121321 131413 12 177607 187128
274. 6 1446371 1463680 12 131204 140545 10 425151 432194
275. 6 1475341 1487257 4 1009006 1015698 15 407064 417682
276. 6 1492435 1527770 15 422669 448370 11 567560 580392
277. 6 1523895 1538124 15 444688 455797 11 583295 588947
278. 6 1541253 1558610 5 64709 79977 10 526328 531359
279. 6 1559454 1573163 4 310642 316388 13 537837 547236
280. 6 1566668 1621487 13 507501 545729 12 199541 229583
281. 6 1637803 1649127 12 380823 385409 4 733615 739994
282. 6 1695869 1714201 2 356322 370697 4 539800 548308
283. 6 1709034 1727515 2 347877 362512 4 521311 524710
284. 6 1734636 1792211 4 669013 687837 12 294092 326226
285. 6 1789536 1873336 12 323545 372928 4 691011 727548
286. 6 1874062 1886372 12 680202 687204 15 657265 663583
287. 6 1883230 1904429 12 665846 683563 15 642742 658326
288. 6 1924148 1936200 4 859343 867519 12 607427 611755
289. 6 1936804 1959895 14 263714 279898 4 52446 65019
290. 6 1962951 1969036 2 533756 536090 15 155287 160594
291. 6 1975203 2001134 10 205301 217305 11 499924 512801
292. 6 2004309 2028523 4 1135927 1147173 8 280822 283300
293. 6 2051033 2073926 8 297388 313998 4 1169172 1174170
294. 6 2102745 2116930 10 402892 414764 7 872049 878197
295. 6 2129434 2144517 12 641466 659793 7 200567 203839
296. 6 2143618 2156623 12 658828 662835 6 174257 180735
297. 6 2157146 2162067 6 169914 173869 15 292530 296121
298. 6 2165407 2200066 15 960984 996508 1 71787 79436
299. 6 2200946 2224680 14 412773 426756 15 523028 539466
300. 6 2224951 2279857 8 338086 358447 14 372453 412055
301. 6 2292807 2307848 4 387510 399126 15 202696 207176
302. 6 2308342 2332845 13 741511 749676 15 874742 887874
303. 6 2333488 2356196 6 82578 97496 12 246325 250979
304. 6 2361279 2370501 11 359786 363836 8 66239 71871
305. 6 2372720 2394126 8 75409 83717 11 365248 378215
306. 6 2404449 2411244 8 113494 115896 11 276833 280503
307. 6 2408281 2421810 11 277925 285852 13 401540 407583
308. 6 2434995 2459337 13 379585 396378 11 291097 301526
309. 6 2458708 2475452 13 353870 380199 11 306929 312722
310. 6 2472250 2488888 11 315598 324764 13 344402 356810
311. 6 2541110 2562649 9 265114 274925 5 254655 265784
312. 6 2579510 2586146 8 368505 372561 14 338480 341970
