>Kwaltii$
0. 1 2 3 4 5 $
14. 6 7 8 9 10 11 12 13 14 15 16 17 18 19 20 21 22 23 24 25 26 27 28 29 30 $
23. 31 32 33 34 35 36 37 38 39 40 41 42 43 44 45 46 47 48 49 50 51 52 53 54 55 56 57 58 59 60 61 62 63 64 65 66 67 68 69 70 71 72 73 74 75 76 77 78 79 80 81 82 83 84 85 86 87 $
26. 88 89 90 91 92 93 94 95 96 97 98 99 100 101 102 103 104 105 106 107 108 109 110 111 112 113 114 115 116 117 118 119 120 121 122 123 124 125 126 127 128 129 130 131 132 133 134 135 $
27. 136 137 138 139 140 141 142 143 144 145 146 147 148 149 150 151 152 153 154 155 156 157 158 159 160 161 162 163 164 165 166 167 168 169 170 171 172 173 174 175 176 177 178 179 180 181 182 183 184 185 186 187 $
33. 188 189 190 191 192 193 194 195 196 197 198 199 200 201 202 203 204 205 206 207 208 209 210 211 212 213 214 215 216 217 218 219 220 221 $
34. 222 223 224 225 226 227 228 229 $
47. 230 231 232 233 234 235 236 237 238 239 240 241 242 243 244 245 246 247 248 249 250 251 252 253 254 255 256 257 258 259 260 261 262 263 264 265 266 267 $
55. 268 269 270 271 272 273 274 275 276 277 278 279 280 281 282 283 284 285 286 287 288 289 290 291 292 293 294 295 296 297 298 299 300 301 302 303 304 305 306 307 308 309 310 $
56. 311 312 313 314 315 316 317 318 319 320 321 322 323 324 325 326 327 328 329 330 331 332 333 334 335 336 337 338 339 340 341 342 343 344 345 346 $

>Cglabrata$
1. 239 240 241 -311 -238 -26 -273 -229 -273 -303 -302 -301 -300 -299 -298 242 -261 345 -212 -158 -157 -156 267 $
10. -75 -74 31 -32 104 105 -290 289 -279 248 249 79 -84 -121 -68 -25 -236 -2 30 1 16 -36 -35 -209 -208 80 343 -147 -146 -119 -118 117 -89 -192 -191 -190 -35 -34 -344 -343 -80 -171 -170 -169 51 64 -63 -37 17 106 254 277 226 204 205 -207 -62 313 -257 $
11. -221 138 193 -220 -219 47 48 -321 -320 201 25 286 237 107 108 109 103 -102 101 242 13 14 247 131 -60 -153 -152 -206 307 -189 314 315 -253 -252 -20 -19 -18 224 -102 101 246 -45 -51 -50 -49 -48 -305 -199 -104 291 -287 -125 -124 -123 -122 262 -259 -210 -34 -90 22 23 -299 229 3 166 170 171 -169 -168 103 323 183 184 -46 -12 -11 -10 -9 187 $
12. 136 -342 -341 -249 142 143 -141 -140 -110 -109 -108 -289 -288 268 -120 -119 -98 185 -33 116 244 -211 -258 -315 -314 326 293 294 -214 -213 -7 -200 -199 -237 181 330 332 186 -325 243 -223 -222 -44 -43 -42 -41 -228 -194 -193 36 -260 -296 233 69 161 -15 -292 -280 -6 305 306 -204 81 82 126 127 128 -129 -235 -234 -303 301 329 330 331 -334 172 173 112 -211 -210 -9 187 $
13. -233 -232 -231 -230 234 235 274 275 276 277 259 297 -180 149 150 -123 -122 -121 -120 194 -145 28 228 71 309 336 164 165 130 -278 -225 -176 -175 338 -198 200 -178 -177 167 85 -203 231 -175 -174 -111 -110 220 195 196 197 -304 -272 251 206 152 -43 -153 44 222 -328 54 107 324 160 83 84 85 -281 -129 130 195 -333 -332 -95 -94 91 92 93 -90 -89 79 112 113 -59 -58 -57 134 135 $
2. 188 189 190 -310 -335 331 -334 -333 137 -145 144 -203 -202 172 -247 -14 -1 311 312 -5 218 219 -52 -319 -70 -114 -4 $
3. -196 49 50 -168 65 66 -162 16 17 155 -266 -265 -264 -263 -262 55 83 -261 -326 -283 -87 -288 -159 324 160 192 -271 -270 -201 320 -60 $
4. 88 53 54 55 56 -133 -132 66 45 46 -184 -183 -182 286 -245 -92 335 310 232 284 -32 -216 -215 236 -340 205 -250 -78 76 -167 -106 -322 -282 -281 293 294 295 279 280 216 215 -141 100 -99 -27 -88 $
5. -87 -86 -166 -165 -164 -336 -309 -71 -313 312 -239 -238 -26 100 -99 -27 -285 -284 -283 256 -151 -252 -149 180 -40 -95 -94 -93 338 339 340 -74 31 $
6. -221 138 96 97 291 -287 10 11 12 -246 -245 -68 69 161 -258 -257 -256 -255 -276 -146 125 -127 -126 128 181 -270 -3 -37 327 -53 -316 38 39 113 214 -213 -7 -6 19 -18 -105 -41 -8 346 -59 -58 241 -77 $
7. -135 -134 57 -240 13 -65 67 47 306 307 -269 -67 163 -52 -156 -155 -154 -285 -185 98 317 -115 -131 -24 61 61 62 207 208 -96 -91 -33 114 115 217 -254 -253 124 -278 29 -28 -282 86 329 -38 -64 -63 -337 -218 21 -328 -327 73 $
8. -73 -72 -308 -81 -342 -341 75 76 77 78 250 188 139 140 274 275 147 148 -179 39 29 162 163 337 4 5 202 -230 42 154 -255 132 133 176 177 178 97 56 -269 -268 136 226 173 174 -267 -266 -272 251 -151 -150 -182 271 -339 209 139 -264 -292 -290 159 323 -40 $
9. 20 21 223 -243 -304 300 -302 142 143 227 -137 186 -191 -8 346 144 -244 -116 318 -227 -345 -344 -265 -15 -322 -319 -70 158 212 -248 -111 157 -82 -198 -197 -72 23 24 -263 297 298 -318 -317 -316 -325 -321 308 -22 217 -2 -30 -225 -224 -179 -148 -260 -296 -295 117 118 $


# markers coordinates
1. 0 1555 19411 10 507849 512100 2 319012 330068
2. 0 25906 40035 9 885451 895441 10 460655 464562
3. 0 42808 58911 11 1027333 1039063 6 472760 481514
4. 0 92748 134943 8 331303 369616 2 451396 479174
5. 0 140397 143594 2 367614 370695 8 369916 373573
6. 14 85593 122608 12 1036568 1059915 6 661325 674340
7. 14 118597 154273 6 650449 664771 12 579578 596184
8. 14 157293 168455 6 780118 791508 9 176743 183860
9. 14 173440 190196 12 1402112 1412921 11 1262741 1274423
10. 14 188346 210448 11 1245596 1264606 6 156044 164445
11. 14 212675 235595 6 166126 176967 11 1220487 1244168
12. 14 229104 253911 6 172820 182980 11 1216079 1221611
13. 14 272148 316939 7 78457 114614 11 367761 385763
14. 14 315842 336942 11 384567 393759 2 298526 308585
15. 14 351858 365623 9 367258 382112 12 1014256 1021956
16. 14 367837 388828 3 170694 182799 10 513918 519347
17. 14 383549 400358 3 177284 188487 10 1010761 1016439
18. 14 400872 473919 11 664264 708222 6 689331 728454
19. 14 476916 487912 6 679960 688631 11 655617 663646
20. 14 488274 501791 9 26900 34250 11 647277 655035
21. 14 499199 522982 9 32511 41067 7 902228 916813
22. 14 524221 536719 11 980068 988584 9 833793 837567
23. 14 547112 559793 11 988919 995625 9 639096 651519
24. 14 555700 583702 9 645956 667057 7 486778 503951
25. 14 594241 617441 11 170897 177375 10 406058 422898
26. 14 679677 697240 5 284043 288878 1 157645 166920
27. 14 698736 713465 4 615364 625431 5 312820 323887
28. 14 731482 743107 7 729919 735797 13 364771 370457
29. 14 761723 774783 7 720895 724472 8 261006 268742
30. 14 784224 829294 9 898504 911175 10 465532 507072
31. 23 38499 47802 5 647086 654839 10 92049 94358
32. 23 48553 71880 4 302952 314522 10 98637 108195
33. 23 76014 92483 12 426695 439813 7 622994 627198
34. 23 92860 105822 11 960893 968584 10 853530 860210
35. 23 107723 120894 10 530428 538503 10 848348 853219
36. 23 118510 139194 10 520083 532869 12 913323 920552
37. 23 148637 155276 6 482637 486685 10 1002530 1005890
38. 23 185722 240096 6 541830 575037 7 776549 804190
39. 23 242713 254990 6 575499 587703 8 247359 249908
40. 23 279160 308947 5 477209 486652 8 1004900 1027069
41. 23 316837 337379 6 744275 762423 12 817664 822054
42. 23 339700 355254 8 419033 428207 12 810529 817236
43. 23 350400 362205 12 807622 815453 13 942333 945030
44. 23 359901 376256 12 793968 810026 13 955022 958915
45. 23 378691 408194 11 769801 778476 4 152033 160327
46. 23 392140 415927 4 155762 165643 11 1199934 1206017
47. 23 417181 426932 7 167536 170054 11 103486 108984
48. 23 425207 441598 11 107542 111808 11 797486 809671
49. 23 439187 464874 11 792641 799762 3 45221 61893
50. 23 465097 475291 11 783120 789843 3 62224 68512
51. 23 473801 484449 11 782350 784844 10 961496 968085
52. 23 504354 528128 7 272520 291757 2 400331 407298
53. 23 543590 573849 4 42946 72689 6 516481 521724
54. 23 572566 603633 4 71400 92625 13 971284 986919
55. 23 603124 623591 4 92050 96986 3 255821 273524
56. 23 623740 637385 8 631794 636747 4 97236 106263
57. 23 638903 646745 13 1336137 1338441 7 54617 60460
58. 23 647005 658835 6 843128 849691 13 1330802 1335714
59. 23 659077 688824 6 827705 841134 13 1310378 1330655
60. 23 720659 766408 11 463860 494746 3 512277 535849
61. 23 776553 783757 7 504344 510572 7 516813 524050
62. 23 787867 816425 10 1106524 1124381 7 524827 544755
63. 23 831183 870443 10 990695 1002204 7 824549 854562
64. 23 873624 907188 10 973259 990279 7 804969 822078
65. 23 907745 928838 3 128629 142399 7 121156 129410
66. 23 929391 936838 3 142575 151177 4 125834 131713
67. 23 945574 965339 7 135200 144810 7 246455 258052
68. 23 968411 972823 10 391191 393922 6 194261 196375
69. 23 978758 1038964 6 201002 225965 12 940058 999319
70. 23 1040608 1058640 9 429791 442861 2 424411 431810
71. 23 1061384 1110806 13 398183 427099 5 197603 216734
72. 23 1111941 1119101 9 620231 624290 8 19281 23119
73. 23 1118208 1154592 8 13625 20294 7 937230 972009
74. 23 1174684 1245635 10 21048 91624 5 623237 646546
75. 23 1243047 1250488 10 19390 23733 8 97613 99903
76. 23 1249364 1276114 8 98818 122711 4 406872 410097
77. 23 1269909 1288292 8 115828 127302 6 879436 885076
78. 23 1284606 1306811 8 123328 140512 4 392433 398763
79. 23 1331918 1400352 10 286973 327555 13 1239700 1282317
80. 23 1404317 1417630 10 600516 606867 10 916357 924510
81. 23 1421630 1432097 8 57283 68235 12 1131528 1137753
82. 23 1434094 1452604 9 539916 555597 12 1139528 1150311
83. 23 1492745 1499989 3 295005 299600 13 1061770 1068665
84. 23 1513301 1542094 10 334536 348964 13 1069787 1086206
85. 23 1533223 1551909 13 1076233 1090119 13 709544 716174
86. 23 1553222 1566759 7 749305 756230 5 55009 61359
87. 23 1568186 1607998 3 349219 366862 5 35604 54580
88. 26 40268 55398 4 23693 32868 4 634224 641457
89. 26 61980 76575 10 688858 702448 13 1225135 1233370
90. 26 77837 93564 13 1216701 1224765 11 969098 977090
91. 26 93737 107160 7 615498 621630 13 1184684 1191262
92. 26 105838 128531 13 1189409 1196535 4 224941 239213
93. 26 133377 161060 5 537663 558652 13 1201576 1215718
94. 26 150350 175697 5 524717 544144 13 1182052 1184443
95. 26 164333 189667 5 514301 535264 13 1173658 1178432
96. 26 190653 215288 6 73893 85160 7 592179 612073
97. 26 221318 269165 8 598643 631460 6 88454 120079
98. 26 293129 308466 7 426386 432661 12 349871 358586
99. 26 357537 393759 4 586395 614213 5 295320 307004
100. 26 398913 404499 5 291237 294588 4 580707 582834
101. 26 425941 440689 11 319329 333698 11 749181 754136
102. 26 447231 453381 11 311316 319044 11 737165 742165
103. 26 455749 463807 11 303720 310294 11 1121873 1127089
104. 26 476769 516743 10 111185 135501 11 854143 873969
105. 26 515580 528131 10 134383 137273 6 729306 743678
106. 26 528414 538146 4 418104 425376 10 1016825 1022596
107. 26 540694 569890 13 1006975 1034308 11 241338 255719
108. 26 569444 622311 11 255258 285774 12 235616 268134
109. 26 655313 670692 11 287882 301382 12 213115 217706
110. 26 670024 707470 13 752098 777851 12 182135 213789
111. 26 712029 719480 13 748504 751392 9 512839 518633
112. 26 719850 738464 12 1374165 1381906 13 1282841 1289136
113. 26 739043 760923 6 588828 605073 13 1291976 1306064
114. 26 762369 775190 7 628181 639675 2 435437 440751
115. 26 770814 785483 7 635311 645166 7 451365 458822
116. 26 792540 800469 9 251050 254048 12 440385 447687
117. 26 800808 808978 10 681641 686331 9 1073671 1077628
118. 26 806801 826140 9 1075178 1084882 10 665599 673529
119. 26 826284 859653 10 651309 665289 12 329039 345797
120. 26 858367 885827 12 312371 330334 13 308170 319822
121. 26 884733 956870 13 255200 309063 10 352904 390529
122. 26 965719 972168 11 907150 911268 13 250402 253472
123. 26 969957 986304 11 900862 907965 13 241386 251271
124. 26 985735 990234 11 899951 901326 7 706598 710267
125. 26 990716 1008928 6 345084 359086 11 889559 899623
126. 26 1022659 1031665 6 372239 374983 12 1163497 1169041
127. 26 1029923 1045624 12 1167086 1174681 6 362972 370358
128. 26 1047382 1075989 6 377962 393825 12 1176224 1178225
129. 26 1091161 1096390 12 1180076 1182037 13 1102767 1106280
130. 26 1096697 1125356 13 513555 529805 13 1107273 1117143
131. 26 1126920 1155558 11 420248 448486 7 462671 477126
132. 26 1177013 1185972 4 114552 122993 8 477828 481195
133. 26 1186495 1203686 8 483870 495118 4 106570 114283
134. 26 1208350 1238337 13 1338688 1349964 7 37404 54405
135. 26 1230777 1290030 13 1344157 1384451 7 14591 39386
136. 27 21328 35043 8 682518 695530 12 40198 42092
137. 27 87836 106188 9 146481 154103 2 198831 215538
138. 27 116234 143639 11 42643 63162 6 41539 58971
139. 27 149212 162973 8 168840 180167 8 891140 901978
140. 27 161799 166389 8 179000 181229 12 172658 176894
141. 27 165514 184769 12 161992 173590 4 569398 577645
142. 27 186592 210723 9 107768 114420 12 135948 147288
143. 27 214811 224559 9 114899 116640 12 147817 153628
144. 27 238096 242788 9 237396 241882 2 228209 231172
145. 27 248037 276564 13 331097 349230 2 216053 227815
146. 27 276771 298670 10 630978 650640 6 331850 343438
147. 27 295230 337164 10 617932 634214 8 199107 226485
148. 27 325921 344476 8 215958 231687 9 950095 952801
149. 27 347585 368300 5 440794 445412 13 217235 237735
150. 27 354071 375018 13 219813 240875 8 816990 820383
151. 27 375501 379393 5 401745 405310 8 814034 816685
152. 27 390650 427541 11 500434 523503 13 925881 941660
153. 27 419502 447259 11 495585 508714 13 946553 952685
154. 27 450846 469790 8 429542 441790 7 343363 352723
155. 27 467386 482196 7 335869 347866 3 189501 201796
156. 27 479237 519655 7 308963 339247 1 445085 460515
157. 27 519750 535746 9 518933 526099 1 433577 444401
158. 27 538448 557383 9 448237 464084 1 425058 431881
159. 27 572049 581530 8 955495 964630 3 403729 406325
160. 27 581975 612009 13 1044619 1059914 3 411409 433236
161. 27 614861 623688 12 999571 1010390 6 226725 228725
162. 27 635052 667687 3 153063 169897 8 277540 295441
163. 27 668473 680434 7 262926 265861 8 295680 302976
164. 27 695254 730032 13 481522 488773 5 99759 119454
165. 27 727810 764723 13 485936 508861 5 83838 93982
166. 27 762468 772106 5 80514 86371 11 1052591 1056518
167. 27 807984 835847 13 681693 706572 4 410309 415548
168. 27 856702 881675 3 69396 80435 11 1101728 1114491
169. 27 873092 896123 11 1099215 1111150 10 953621 960785
170. 27 900544 911712 11 1071625 1078084 10 946436 953072
171. 27 911797 939799 11 1079157 1093994 10 929926 946055
172. 27 958816 975401 12 1352229 1368082 2 253495 258152
173. 27 978218 986606 12 1368557 1373662 8 718943 721984
174. 27 986061 1003827 8 721553 737137 13 745077 748398
175. 27 1006594 1026087 13 585392 603266 13 730042 741557
176. 27 1028242 1076444 13 563163 584786 8 495715 532872
177. 27 1076904 1113975 13 657290 676479 8 533744 558378
178. 27 1119221 1160580 8 563698 586826 13 630670 653560
179. 27 1178866 1191276 8 232974 243129 9 946987 949287
180. 27 1194770 1205331 13 197743 216605 5 446284 453716
181. 27 1229852 1254848 6 410151 440642 12 705599 709081
182. 27 1257389 1282290 8 825191 844737 4 173338 180025
183. 27 1279246 1297055 4 169066 176382 11 1186011 1196584
184. 27 1296282 1299447 11 1195802 1198212 4 166233 167365
185. 27 1301396 1334428 7 408842 424078 12 360022 376577
186. 27 1347453 1364365 12 735080 749012 9 154612 160229
187. 27 1365378 1372406 12 1413789 1416664 11 1274914 1281027
188. 33 62055 89532 2 45168 61944 8 151640 167569
189. 33 94593 119365 2 65727 85951 11 568119 572231
190. 33 130850 165910 10 829222 845966 2 96302 112864
191. 33 230541 249455 10 774882 793583 9 166931 171944
192. 33 254111 282030 10 748336 774323 3 435373 438381
193. 33 328129 352694 12 889774 910155 11 67074 78096
194. 33 354321 360541 13 324009 329923 12 882891 888521
195. 33 369479 377315 13 1117631 1121727 13 810184 813732
196. 33 378553 406287 3 29470 36599 13 814364 828219
197. 33 409282 449070 9 577324 603598 13 829069 850558
198. 33 452486 473378 13 617997 625557 9 560169 574262
199. 33 500819 530490 11 819369 821907 12 606070 633758
200. 33 503266 540130 12 602208 632361 13 626330 630400
201. 33 554863 581410 11 141618 154897 3 480117 497988
202. 33 586053 595238 8 388457 392418 2 236029 241424
203. 33 591479 611237 2 232347 239847 13 719729 721944
204. 33 618070 631430 10 1061847 1070431 12 1126417 1129742
205. 33 628626 638221 10 1068578 1078322 4 376920 382356
206. 33 663862 667094 13 921030 922308 11 531444 533820
207. 33 669559 689548 10 1084251 1105788 7 547617 564474
208. 33 690854 753419 7 565237 591095 10 551562 596457
209. 33 750578 765849 10 540710 554044 8 884592 886701
210. 33 776349 785771 11 942861 949853 12 1395706 1400046
211. 33 787567 811778 12 476407 492477 12 1382623 1393190
212. 33 819803 840858 9 470638 488349 1 410626 424289
213. 33 870348 893331 6 621735 642158 12 568070 576640
214. 33 892720 909077 12 560846 568678 6 610882 618324
215. 33 922793 931939 4 560448 568502 4 350302 352706
216. 33 961107 1016843 4 522559 559723 4 314724 342586
217. 33 1058196 1087316 9 851234 866701 7 649676 666740
218. 33 1087759 1118469 7 887666 900093 2 373956 387465
219. 33 1118595 1136287 11 90112 103117 2 393430 399442
220. 33 1135391 1149668 11 86725 91011 13 785153 791161
221. 33 1157299 1185128 11 26129 41964 6 19572 37489
222. 34 57607 69089 13 959603 964633 12 788067 792187
223. 34 68226 87544 12 774846 788813 9 50356 62609
224. 34 90599 111521 11 722554 736248 9 923833 943151
225. 34 110491 125115 9 917977 925085 13 552160 559691
226. 34 132237 158682 10 1048132 1061423 8 699630 713490
227. 34 160375 193719 9 271461 282899 9 124905 144637
228. 34 208847 242285 13 372122 390294 12 863297 878506
229. 34 248036 260020 1 206981 213901 11 1019646 1023103
230. 47 27701 45193 13 63827 76687 8 394311 404273
231. 47 43547 59048 13 57126 65470 13 722174 729724
232. 47 56383 72276 13 49330 59723 4 284942 288308
233. 47 67984 92722 13 26473 53538 12 937224 939430
234. 47 151882 188992 12 1206892 1230090 13 76881 79429
235. 47 184122 233728 12 1182455 1212543 13 82968 107617
236. 47 250539 265597 10 446347 455792 4 357058 360937
237. 47 298673 350552 12 662250 704913 11 188731 209149
238. 47 376554 390724 5 273462 279626 1 145388 154933
239. 47 390904 442560 1 18037 57722 5 260593 272837
240. 47 428468 464286 1 42636 70485 7 63258 70570
241. 47 477313 527821 6 852168 878704 1 85331 104028
242. 47 529314 577998 1 340501 364813 11 336673 367043
243. 47 579209 592496 9 63365 69090 12 763580 773786
244. 47 593447 605794 12 450952 468561 9 242879 250671
245. 47 628131 633398 6 189377 193596 4 221349 222174
246. 47 631902 650648 6 183385 190858 11 754675 768867
247. 47 662599 670645 11 413033 419447 2 269303 276693
248. 47 670808 689520 10 262001 269104 9 490959 500331
249. 47 692928 718578 12 104706 118295 10 269575 281590
250. 47 721410 732876 4 383316 392123 8 140740 151306
251. 47 742039 754080 8 808082 813058 13 887703 895236
252. 47 755335 797290 5 405705 434348 11 624046 646401
253. 47 795030 839873 11 597610 626527 7 684868 706420
254. 47 844527 864086 10 1023529 1038017 7 668453 677353
255. 47 864270 895892 6 304124 316759 8 448407 464314
256. 47 913245 933140 5 396810 401083 6 281010 293480
257. 47 925648 951480 6 274470 288244 10 1152662 1160797
258. 47 950704 991137 6 248281 275234 12 493841 512580
259. 47 991811 1001659 13 170175 175595 11 936377 942407
260. 47 1013635 1021297 9 1030282 1034953 12 924096 926130
261. 47 1056784 1072695 3 300099 304296 1 378874 387066
262. 47 1074829 1087452 3 240649 254007 11 925647 932143
263. 47 1087759 1111684 9 667962 683536 3 236112 240083
264. 47 1111801 1120791 8 902895 905048 3 226767 235732
265. 47 1120773 1133682 9 358219 364824 3 213832 223767
266. 47 1128688 1171087 3 202920 219238 8 751810 777293
267. 47 1170533 1191472 8 740607 752349 1 461930 472251
268. 55 50558 72569 8 659326 678154 12 302012 305846
269. 55 62575 99144 8 642001 671061 7 223375 235315
270. 55 121071 161401 6 453083 468795 3 447029 460847
271. 55 171200 177454 8 845036 847779 3 439306 443318
272. 55 177630 204094 13 866454 887063 8 786770 807637
273. 55 211222 243429 1 172608 206377 1 226945 263575
274. 55 245372 268414 13 117010 127094 8 183306 186539
275. 55 263954 288073 8 184473 197907 13 132330 146641
276. 55 286058 314130 13 144593 166683 6 316924 330736
277. 55 308117 321922 13 159500 168917 10 1038392 1046446
278. 55 339692 350318 7 714360 720413 13 534252 540689
279. 55 368802 403259 10 226364 245351 4 492687 509071
280. 55 402453 412051 4 508364 514225 12 1030941 1036026
281. 55 414783 427265 4 448106 461483 13 1091979 1094299
282. 55 426012 447396 4 440080 449353 7 736112 748964
283. 55 469211 488604 3 311804 325790 5 357552 368519
284. 55 489968 505776 5 351240 357376 4 289675 299850
285. 55 505826 537449 5 331962 348294 7 367226 385404
286. 55 542294 550520 11 179166 187847 4 181792 188054
287. 55 566039 575548 11 881947 888938 6 131725 138878
288. 55 584025 588925 3 370762 375249 12 278611 292745
289. 55 589891 607641 10 200829 221737 12 270033 276934
290. 55 617612 634448 10 187614 199970 8 942183 947986
291. 55 637951 648342 11 875357 881325 6 121015 127767
292. 55 648861 667849 12 1023487 1027637 8 921571 935815
293. 55 676383 688012 12 542849 550366 4 462407 465512
294. 55 688203 704865 4 467712 477369 12 550938 560045
295. 55 700218 734906 4 472577 487597 9 1046028 1064482
296. 55 719541 749038 9 1035489 1058296 12 926880 933567
297. 55 749673 771992 9 686948 699771 13 178971 187731
298. 55 772006 785956 9 701045 710987 1 324013 333465
299. 55 783120 824970 1 302938 326594 11 996303 1010889
300. 55 825487 834752 9 90566 92625 1 295534 301944
301. 55 834129 853084 1 290595 296371 12 1239169 1250064
302. 55 855995 879423 1 269090 290448 9 93934 104266
303. 55 878539 888585 1 264152 270040 12 1230393 1238776
304. 55 888748 901059 9 75399 83682 13 856349 862501
305. 55 909987 929131 12 1074420 1096501 11 809979 813049
306. 55 927884 975960 12 1095287 1125994 7 170682 198652
307. 55 972142 1003133 7 194550 210882 11 534680 550349
308. 55 1003961 1051820 9 802072 833582 8 24048 55673
309. 55 1054213 1110143 5 138109 196978 13 428607 460739
310. 55 1115684 1141842 2 119648 134892 4 250405 269073
311. 56 44740 67018 1 104865 120042 2 354365 360640
312. 56 107327 114911 2 361572 366863 5 251868 254496
313. 56 127493 169610 5 219246 251656 10 1126896 1152284
314. 56 173155 181970 11 580733 587581 12 524088 528417
315. 56 179568 191564 12 519292 526475 11 589631 592617
316. 56 211300 221564 9 732591 738312 6 525230 529534
317. 56 220644 251119 9 718481 733490 7 432932 447584
318. 56 251300 273808 9 256224 263828 9 711707 718086
319. 56 274613 284675 9 425468 428716 2 420544 423979
320. 56 284859 305197 11 126584 141359 3 501476 512000
321. 56 308851 323256 9 787552 792341 11 116832 126314
322. 56 323638 350444 4 426132 438157 9 409866 418433
323. 56 352851 396327 11 1127317 1155512 8 967366 995690
324. 56 398220 404897 3 407265 411019 13 1035054 1038096
325. 56 432749 450644 12 759865 762494 9 750496 763521
326. 56 455311 467406 3 305020 311018 12 531918 538496
327. 56 476140 489962 6 503890 515221 7 930351 935969
328. 56 490526 502174 13 964915 971030 7 922035 927521
329. 56 527287 582986 12 1250713 1297674 7 758811 775835
330. 56 578499 603904 12 1292693 1303778 12 710007 718463
331. 56 603074 620864 12 1302987 1308044 2 154275 161106
332. 56 625878 629114 13 1161812 1166748 12 728331 734599
333. 56 630287 676798 2 176316 191136 13 1122109 1159440
334. 56 686641 727458 2 163063 175709 12 1308681 1336559
335. 56 744263 764360 2 137174 150934 4 239710 248318
336. 56 764530 786602 5 120804 137465 13 461446 481074
337. 56 788304 832592 8 303335 330155 7 860266 883119
338. 56 833322 853203 13 605540 614760 5 562625 574713
339. 56 862007 907384 5 574930 597611 8 857901 884210
340. 56 907673 922449 4 366246 374657 5 598020 617486
341. 56 930311 953406 8 83996 97248 12 53395 62442
342. 56 953760 970789 8 74843 82306 12 42659 52912
343. 56 980441 988177 10 609450 612270 10 907869 915799
344. 56 984063 1071821 10 865291 912635 9 292823 352557
345. 56 1073855 1085471 1 392922 398492 9 285637 291780
346. 56 1102271 1142766 6 799495 816544 9 188289 215971
