>Kthermotolerans$
1. 1 2 3 4 5 6 7 8 9 10 11 12 13 14 15 16 17 $
2. 18 19 20 21 22 23 24 25 26 27 28 29 30 31 32 33 34 35 36 37 38 39 40 41 42 $
3. 43 44 45 46 47 48 49 50 51 52 53 54 55 56 57 58 59 60 61 62 63 64 65 66 67 $
4. 68 69 70 71 72 73 74 75 76 77 78 79 80 81 82 83 84 85 86 87 88 89 90 91 92 93 94 95 96 97 98 99 100 101 102 103 104 105 106 107 108 109 110 111 112 113 114 115 116 $
5. 117 118 119 120 121 122 123 124 125 126 127 128 129 130 131 132 133 134 135 136 137 138 139 140 141 142 143 144 145 146 147 148 149 150 151 152 153 154 155 156 157 158 159 160 161 $
6. 162 163 164 165 166 167 168 169 170 171 172 173 174 175 176 177 178 179 180 181 182 183 184 185 186 187 188 189 190 191 192 193 194 195 196 197 198 199 200 201 202 203 204 205 206 207 208 $
7. 209 210 211 212 213 214 215 216 217 218 219 220 221 222 223 224 225 226 227 228 229 230 231 232 233 234 235 236 237 238 239 240 241 242 243 244 245 246 247 $
8. 248 249 250 251 252 253 254 255 256 257 258 259 260 261 262 263 264 265 266 267 268 269 270 271 272 273 274 275 276 277 278 279 280 281 282 283 284 285 286 287 288 289 290 291 292 $

>Kpolysporus$
1000. 115 116 $
1001. -114 -113 -112 -111 $
1002. -110 -90 -89 256 257 258 259 260 261 268 269 226 227 $
1003. 228 229 $
1004. -22 218 -221 $
1005. -172 -171 287 $
1006. -129 -135 $
1007. -269 145 $
1008. 203 $
1009. -241 -240 -265 9 $
1010. -290 -289 173 55 -20 -19 -45 249 160 $
1011. 6 $
1012. 101 $
1013. 102 103 94 95 48 1 -203 119 120 $
1014. -113 283 207 208 36 $
1015. 37 $
1016. 197 -159 78 79 273 274 $
1017. 212 -194 $
1018. -15 -14 255 -88 -87 219 220 121 202 -57 -56 130 188 77 81 82 -191 -46 -18 $
1019. 27 251 252 253 $
1020. 254 -13 -3 -2 204 205 206 -226 -225 $
1023. -247 64 -139 172 221 -219 -218 -191 $
1024. 116 178 179 180 -152 -151 $
1025. -139 -138 -137 -136 $
1026. -271 -80 -272 $
1027. 30 276 $
1028. -17 -164 -16 -15 42 -40 -282 119 120 126 $
1029. -96 225 $
1030. 177 178 179 126 58 -28 $
1031. -198 -168 159 -134 142 143 144 145 146 147 $
1032. -66 -65 -60 -267 -266 -239 -238 136 291 292 -183 -224 -223 $
1033. -222 9 -235 -259 82 $
1035. -242 -277 275 31 246 $
1036. 59 -243 -4 -244 -260 -234 -233 -232 -231 -180 $
1037. 169 -160 64 65 -63 -4 -59 $
1038. -208 $
1039. -207 227 228 187 -31 -30 -192 $
1040. 72 73 74 75 76 $
1041. 32 33 34 140 -271 -80 $
1042. -63 -242 -85 $
1043. -84 292 -183 -182 -181 -230 -229 -177 -176 -118 -117 $
1044. 76 132 133 -33 -290 $
1045. -289 56 169 -244 66 67 $
1046. 140 $
1048. -29 -97 -155 -154 -153 -152 -280 $
1049. -69 -68 $
1050. 282 283 -211 -19 -45 -249 -248 192 193 -1 $
1051. 288 222 223 $
1052. -156 54 -112 237 $
1053. 268 61 62 243 $
1054. -61 34 35 36 -47 -46 -18 $
1055. -124 -123 86 -266 -239 -111 -110 -109 -108 $
1056. -91 47 -285 -284 86 87 $
1057. -43 $
1058. -247 -246 -6 -5 291 -83 $
1059. 48 49 -100 122 25 $
1060. 41 -14 255 256 20 21 167 $
1061. 174 -279 -137 284 -237 $
1062. 248 196 197 -138 $
1063. -7 127 $
1064. 92 93 104 105 -175 -270 $
1065. 258 71 72 184 -158 -157 -156 $
1066. 144 -277 275 276 -3 $
1067. 38 39 285 286 $
1068. 50 51 $
1069. 52 278 $
1070. 131 -8 -7 $
1071. -73 -54 $
1072. -104 -103 -102 -101 -100 -99 -98 -141 $
1073. 43 44 -27 -26 286 $
1074. -154 $
1075. 238 $
1076. 204 -2 $
147. 11 $
154. 148 $
161. -205 $
167. 206 $
181. -93 $
182. -128 $
185. 94 $
186. -215 $
191. 67 $
193. -146 $
197. 92 $
2000. -232 254 -13 -253 -165 -164 -163 -162 $
2001. -167 -166 -252 -251 -250 -117 $
2002. 162 163 165 166 -25 -24 -23 $
209. 124 125 $
218. -216 $
223. 262 $
228. 257 $
233. 75 $
237. 50 $
242. -155 $
259. 10 $
262. -26 -95 $
264. 157 $
265. -115 $
269. 143 $
282. -274 $
284. 77 $
286. -217 $
289. 16 $
295. 278 $
297. 81 $
298. 38 $
299. 150 $
303. -201 $
309. -170 161 $
312. 189 $
316. 74 $
325. 17 $
328. 190 $
333. -147 $
337. 106 $
339. -171 287 288 $
340. -176 -175 -174 $
344. 22 -233 $
345. -241 214 $
348. 88 89 $
354. 5 $
359. 129 130 $
361. -53 $
363. 216 217 $
364. 125 215 $
365. -123 -122 $
367. 70 71 $
370. -49 $
376. 158 -184 $
380. 90 -209 $
385. 279 -245 $
387. -12 $
388. 131 132 $
392. 236 $
397. -153 231 $
400. 35 $
401. -128 -127 $
411. -12 -11 -10 $
413. 105 $
414. 272 107 $
423. 211 $
431. -85 -84 $
440. -196 -195 $
448. -168 $
455. 161 $
457. 149 150 151 -281 $
460. -210 91 $
461. 263 -44 $
463. -273 -79 -78 $
467. 83 $
472. -106 $
473. -188 200 201 199 $
478. 133 -24 264 -8 $
479. 97 98 -58 -57 -60 $
480. 212 -194 -32 $
483. 107 108 109 $
487. -281 -280 $
489. 118 -202 $
495. 213 214 220 121 -62 $
499. 245 189 190 $
505. 96 141 29 193 $
507. 209 210 $
513. 148 149 39 40 -42 -41 $
520. 173 55 -114 $
526. -182 -185 -270 -267 199 200 $
529. -142 37 $
530. 198 -99 -28 250 264 265 $
534. 230 181 186 261 262 263 -23 $
538. 185 186 187 21 -70 -69 -68 $
541. -53 -52 -51 -170 -135 -134 $
543. -195 213 -240 -236 -235 -234 -224 $


# markers coordinates
1. 1 72979 104870 1013 74035 102782 1050 239086 246254
2. 1 110365 118156 1020 46858 58489 1076 16733 20514
3. 1 117599 149654 1020 33477 47427 1066 58572 79428
4. 1 152482 176677 1036 62450 89440 1037 108570 125737
5. 1 181671 200321 354 4521 25572 1058 119816 130334
6. 1 206631 281961 1058 67230 117569 1011 1145 45588
7. 1 291551 328547 1063 3007 21463 1070 46652 76488
8. 1 325998 341373 1070 37139 49456 478 65278 68885
9. 1 348896 363535 1009 48199 59859 1033 16406 31206
10. 1 376970 395821 411 22692 36253 259 2949 16458
11. 1 395850 406003 147 35 4352 411 19085 21763
12. 1 406887 433600 387 5870 31574 411 1653 18917
13. 1 435817 452146 1020 11296 30097 2000 20300 27720
14. 1 454908 513424 1018 16250 67779 1060 20589 48296
15. 1 512774 519754 1018 13181 16888 1028 134667 139868
16. 1 524183 539985 1028 124202 133983 289 8252 16685
17. 1 542323 623080 325 1290 21283 1028 45186 115623
18. 2 75377 99342 1018 464370 476579 1054 137369 151013
19. 2 104224 134317 1010 93473 112690 1050 75672 95696
20. 2 137755 171258 1060 86412 108502 1010 79776 93101
21. 2 168159 200841 1060 105250 121601 538 39404 62602
22. 2 204289 225583 1004 1 16635 344 162 4734
23. 2 232632 272618 534 129416 156160 2002 241958 264307
24. 2 270448 305463 2002 217762 244360 478 30026 59852
25. 2 306104 318892 1059 94050 96549 2002 201096 217133
26. 2 325075 343189 262 224 8391 1073 36027 49975
27. 2 338704 363715 1073 26036 40616 1019 1223 18728
28. 2 392485 404218 530 40126 50331 1030 95427 103358
29. 2 420999 483587 1048 19222 75024 505 55992 83027
30. 2 489699 503778 1027 36556 44974 1039 171605 186163
31. 2 505357 513249 1035 68426 71414 1039 166834 171449
32. 2 554835 566142 1041 10923 26135 480 70276 74367
33. 2 565363 584565 1041 25272 38427 1044 56564 66812
34. 2 578663 594969 1041 31884 49672 1054 51656 55008
35. 2 604448 626517 1054 64906 77026 400 948 17118
36. 2 628224 669409 1054 83386 112238 1014 65303 86883
37. 2 669610 688819 1015 1964 13672 529 59125 69401
38. 2 699412 712047 1067 2503 10007 298 667 5314
39. 2 729231 748230 1067 25860 35524 513 41334 57811
40. 2 749587 779366 1028 157738 174173 513 58002 67244
41. 2 779619 809039 1060 1850 17630 513 78405 94277
42. 2 805761 833657 513 67798 81683 1028 140309 156452
43. 3 68274 95122 1057 428 21497 1073 2059 6132
44. 3 97077 123611 461 34721 43814 1073 7885 19187
45. 3 139563 199686 1010 113037 151743 1050 97777 141444
46. 3 200556 224428 1018 448471 462945 1054 124114 135243
47. 3 217025 239491 1054 113304 131490 1056 36274 43744
48. 3 248746 273255 1013 59825 72393 1059 10818 24217
49. 3 287614 300513 1059 40511 52157 370 7329 16148
50. 3 311969 331827 1068 1 11765 237 188 7264
51. 3 320129 351199 1068 2343 22344 541 32683 44982
52. 3 351697 380711 1069 123 19768 541 13458 29853
53. 3 379281 388725 541 12716 14816 361 966 5675
54. 3 433703 448568 1052 28568 39311 1071 28158 35611
55. 3 458911 486344 520 26673 51465 1010 55113 65658
56. 3 490279 590140 1018 244116 307856 1045 25479 97371
57. 3 586976 600831 1018 233924 247298 479 45051 48887
58. 3 601001 620010 1030 68892 86939 479 40991 44836
59. 3 677089 702309 1037 136897 149833 1036 9854 21723
60. 3 717495 747183 1032 27093 54119 479 50993 60981
61. 3 763731 800310 1054 1123 26332 1053 33028 44703
62. 3 799426 835406 1053 43756 64547 495 71447 81889
63. 3 836528 867219 1042 2298 12193 1037 85249 106548
64. 3 882520 906893 1037 26014 52533 1023 45704 54024
65. 3 900683 929597 1037 44216 73127 1032 12295 23656
66. 3 926742 950259 1032 1049 15192 1045 167094 184222
67. 3 946632 960137 1045 180708 195316 191 429 3940
68. 4 51882 83134 538 97912 120551 1049 16883 34703
69. 4 84021 103834 1049 504 15272 538 76677 87348
70. 4 99148 116630 538 68774 80975 367 892 13689
71. 4 126137 149155 1065 6818 17973 367 18840 36213
72. 4 151489 171841 1040 5167 14105 1065 19064 26293
73. 4 172172 199990 1040 14544 26934 1071 1 26156
74. 4 199583 225718 1040 26593 37472 316 395 22436
75. 4 225886 247056 1040 37713 54497 233 1 10179
76. 4 246019 268197 1040 53598 70075 1044 4910 20407
77. 4 283762 294730 1018 377497 382904 284 11618 15815
78. 4 295808 331340 463 18696 55561 1016 33831 42007
79. 4 333077 347241 463 9807 15443 1016 42758 55088
80. 4 355806 385900 1026 37581 66680 1041 102505 118678
81. 4 399391 437147 297 2732 23991 1018 392206 410779
82. 4 435339 461270 1018 408890 428802 1033 136243 163398
83. 4 462673 488049 467 30228 56632 1058 149616 152768
84. 4 487952 505067 1043 1441 5869 431 17811 39061
85. 4 493225 513410 431 16748 33840 1042 53853 59408
86. 4 526400 540188 1055 53408 60243 1056 82449 88406
87. 4 535827 559923 1056 84006 112419 1018 145310 161730
88. 4 567443 605419 1018 92792 139662 348 3086 22631
89. 4 604805 628737 348 21978 29110 1002 21450 35283
90. 4 627115 638537 1002 11943 23126 380 254 2261
91. 4 647819 685701 1056 2079 35382 460 38552 52511
92. 4 697828 715843 1064 12058 26815 197 1862 6837
93. 4 707761 724752 1064 17443 30123 181 413 6709
94. 4 725208 733627 1013 36041 53894 185 1614 6233
95. 4 733064 740459 1013 53088 55028 262 9960 17873
96. 4 741531 773357 1029 1002 19830 505 572 37456
97. 4 776870 794825 1048 75760 84906 479 1212 12958
98. 4 788915 820740 479 9147 34840 1072 111820 125132
99. 4 823988 848460 530 28383 39498 1072 89093 110503
100. 4 848849 872800 1059 53861 66750 1072 70071 87389
101. 4 869369 906359 1072 42308 73874 1012 5766 27931
102. 4 899665 929754 1072 27672 49328 1013 54 14870
103. 4 931339 966515 1013 15300 35497 1072 6129 25030
104. 4 965505 1000258 1072 686 7157 1064 30451 65584
105. 4 1000588 1054502 413 1849 40170 1064 68647 93969
106. 4 1085898 1118310 472 3044 39296 337 5007 18712
107. 4 1134916 1146511 414 28398 32854 483 10699 21178
108. 4 1144430 1187386 483 19073 47568 1055 206171 231154
109. 4 1188206 1204359 483 49336 56576 1055 195253 205821
110. 4 1206105 1219243 1055 177843 188926 1002 2576 9872
111. 4 1218410 1262453 1055 128379 178793 1001 78022 83542
112. 4 1272038 1298956 1052 88398 109338 1001 68111 75567
113. 4 1294994 1307283 1001 63130 72046 1014 244 2199
114. 4 1301287 1397663 1001 8057 67461 520 54060 109921
115. 4 1420060 1432703 1000 31026 41050 265 4826 15392
116. 4 1434357 1469830 1000 41665 64886 1024 16056 28999
117. 5 83201 116380 1043 140412 170761 2001 199741 213111
118. 5 115445 127488 1043 130558 141344 489 26766 30543
119. 5 131090 169383 1013 144084 177022 1028 195196 200560
120. 5 173841 189506 1028 211095 221176 1013 191483 197957
121. 5 189685 203809 495 38881 54898 1018 191973 201598
122. 5 235803 257365 1059 70588 92723 365 25153 32847
123. 5 258370 345013 1055 7855 41374 365 24 21181
124. 5 338481 357152 1055 663 16709 209 1823 7696
125. 5 355551 365163 209 6087 8833 364 16 6904
126. 5 374102 391268 1028 227568 233224 1030 42150 59700
127. 5 405275 439622 401 21214 40254 1063 21717 50537
128. 5 437543 446973 401 14991 23363 182 678 4904
129. 5 455057 470611 359 1 13334 1006 8170 11250
130. 5 459700 497189 359 1013 27540 1018 337264 351023
131. 5 499361 540739 1070 3357 22554 388 2510 26939
132. 5 540906 550182 1044 27607 37518 388 30334 33355
133. 5 549274 574007 1044 36316 54828 478 442 24601
134. 5 604346 637120 541 141826 170018 1031 93761 102513
135. 5 637945 653489 1006 38965 55933 541 134533 141559
136. 5 676064 714542 1032 126409 143825 1025 104879 134044
137. 5 708205 755018 1025 87753 111108 1061 95721 128025
138. 5 756153 810522 1025 63047 87320 1062 75278 118670
139. 5 826606 848345 1025 21553 34783 1023 59511 72273
140. 5 849882 876000 1046 6069 20797 1041 51977 74876
141. 5 876916 889949 1072 126281 133768 505 42259 54194
142. 5 894838 927270 529 1925 32557 1031 130971 139726
143. 5 926587 961513 1031 139055 152790 269 1 18466
144. 5 948937 972798 1031 141810 157532 1066 1 9515
145. 5 975831 1008075 1031 159123 181733 1007 17289 33767
146. 5 1006981 1023835 1031 180693 196735 193 1 5871
147. 5 1022627 1040586 1031 195365 200516 333 893 25279
148. 5 1041704 1056733 154 432 3156 513 79 11942
149. 5 1057892 1069859 513 12480 31351 457 2325 7023
150. 5 1082142 1099164 299 14238 21320 457 11098 19502
151. 5 1099354 1113834 1024 118060 125767 457 20678 22905
152. 5 1102014 1165240 1024 78332 124765 1048 140448 179121
153. 5 1167513 1181612 1048 115390 127542 397 565 10588
154. 5 1180881 1191537 1048 110204 116202 1074 63 3835
155. 5 1190563 1219307 1048 92058 111455 242 761 13335
156. 5 1249365 1270381 1052 1 20857 1065 109437 115970
157. 5 1292765 1318327 1065 74947 86114 264 451 19198
158. 5 1318736 1357099 376 175 20083 1065 55359 74617
159. 5 1377607 1388564 1016 27192 30892 1031 83945 92056
160. 5 1410389 1429814 1010 163454 175481 1037 12601 19649
161. 5 1447731 1460734 455 2435 10871 309 13389 19916
162. 6 30927 65141 2002 3611 43778 2000 240660 242520
163. 6 65935 155525 2002 45930 103474 2000 181752 236743
164. 6 158021 282368 2000 50968 180918 1028 116048 123386
165. 6 282329 304512 2002 103569 107146 2000 33256 46757
166. 6 302182 467897 2002 104741 193355 2001 39301 171377
167. 6 462417 504317 2001 16246 46518 1060 121887 143966
168. 6 509026 558164 448 372 45923 1031 58757 83269
169. 6 563724 588672 1045 101542 121742 1037 2152 7414
170. 6 594001 605977 309 1360 12673 541 51841 59449
171. 6 616169 625706 339 6897 11825 1005 13821 21457
172. 6 627776 642953 1005 4999 9846 1023 73173 83988
173. 6 643237 672738 1010 34878 54458 520 641 24053
174. 6 701778 713132 1061 51386 58439 340 11988 20812
175. 6 713580 726767 1064 95468 105123 340 3233 10549
176. 6 724794 735029 340 378 5245 1043 95908 101669
177. 6 732406 746375 1043 92207 98950 1030 551 6324
178. 6 753723 771981 1024 57277 69831 1030 10263 20776
179. 6 769071 782071 1024 65042 74068 1030 22483 26684
180. 6 775420 796013 1024 70274 74959 1036 248945 270733
181. 6 796555 844849 1043 42522 65507 534 20451 43872
182. 6 840760 863861 1043 28034 46680 526 7574 15523
183. 6 870395 891582 1043 14111 27518 1032 163218 175833
184. 6 905240 919846 376 21090 31359 1065 46754 53496
185. 6 934247 967477 538 3870 19478 526 16188 37136
186. 6 967691 977978 534 44769 49388 538 22743 29958
187. 6 984336 994721 1039 142499 160857 538 31742 36124
188. 6 1004689 1026102 1018 356768 376686 473 1284 7670
189. 6 1061760 1081867 312 1649 19016 499 55648 68185
190. 6 1088243 1102884 499 70437 77949 328 673 11835
191. 6 1113071 1121587 1018 435583 442460 1023 250712 253141
192. 6 1149445 1183257 1050 205263 233930 1039 193282 200726
193. 6 1171245 1193341 1050 221828 237718 505 83512 92671
194. 6 1195172 1221587 1017 17411 37617 480 27113 43975
195. 6 1222278 1256276 543 143 27767 440 17159 33190
196. 6 1257203 1286938 1062 27219 49955 440 1276 16555
197. 6 1279273 1320924 1062 40919 72501 1016 585 24354
198. 6 1325151 1357411 1031 20576 54941 530 1 12991
199. 6 1357590 1372514 526 87810 103852 473 61531 63526
200. 6 1371147 1399140 526 102551 123514 473 10480 37150
201. 6 1398052 1412657 473 36089 49866 303 3836 17006
202. 6 1412804 1455601 489 35925 61879 1018 203011 233642
203. 6 1468098 1518062 1008 6373 38187 1013 104156 142759
204. 6 1523598 1533816 1076 138 10518 1020 61754 64306
205. 6 1535941 1544060 161 1 4246 1020 65598 70309
206. 6 1543107 1549893 1020 69128 72418 167 333 4472
207. 6 1550056 1563390 1014 23928 33634 1039 486 4437
208. 6 1560167 1606667 1014 30466 62667 1038 16387 47660
209. 7 36584 57739 507 49309 59285 380 7360 22870
210. 7 58467 92510 460 707 37949 507 60204 72543
211. 7 98101 136299 423 928 34600 1050 48007 68252
212. 7 166538 193160 480 5634 26684 1017 2889 14391
213. 7 196658 209416 543 28334 39248 495 18676 22959
214. 7 207890 218237 495 21433 23654 345 20870 27737
215. 7 222428 233831 364 14730 22239 186 87 7227
216. 7 234881 251125 363 438 4257 218 238 9284
217. 7 250460 274626 363 3610 18373 286 4029 15355
218. 7 295985 423530 1023 137166 233849 1004 41725 136291
219. 7 423793 444135 1018 163688 185925 1023 127920 134034
220. 7 437841 457123 1018 180329 191584 495 24976 38293
221. 7 478755 512361 1004 136693 162700 1023 102228 125525
222. 7 525647 565646 1051 18109 51079 1033 1 12930
223. 7 558369 585439 1051 43980 67092 1032 198433 208052
224. 7 581090 619878 1032 176782 202618 543 153839 177906
225. 7 640089 678921 1020 93433 127353 1029 20326 37763
226. 7 679454 710451 1002 283671 300503 1020 74155 91972
227. 7 713923 730604 1002 301247 308361 1039 6544 14509
228. 7 731432 897644 1003 2428 107478 1039 18190 141039
229. 7 889468 912736 1003 100704 119706 1043 73077 76396
230. 7 922281 938645 1043 66691 69513 534 2896 18062
231. 7 944286 983310 397 15635 41140 1036 218148 248514
232. 7 971803 997166 1036 208850 231821 2000 1 3110
233. 7 999939 1045430 1036 189457 208308 344 5351 22913
234. 7 1042617 1079685 1036 161109 192267 543 129664 147291
235. 7 1077868 1137681 543 106995 131625 1033 31798 74519
236. 7 1149234 1206243 543 78246 106584 392 1 32898
237. 7 1209585 1227736 1052 111345 123234 1061 148276 156754
238. 7 1246234 1269729 1032 111076 121991 1075 1 13519
239. 7 1289111 1300789 1032 101926 105781 1055 98570 115052
240. 7 1302699 1322663 1009 16801 25882 543 43627 58354
241. 7 1326581 1343206 345 1863 11517 1009 1438 13706
242. 7 1346600 1358061 1042 16193 29014 1035 13789 18607
243. 7 1360091 1404125 1036 26058 60216 1053 65123 90761
244. 7 1404292 1447025 1045 133012 164461 1036 92633 137927
245. 7 1534396 1561270 499 30272 47899 385 14827 31772
246. 7 1593284 1622906 1035 81904 122496 1058 52752 64678
247. 7 1624218 1664230 1023 7945 40220 1058 33283 50358
248. 8 57753 94133 1062 5124 18512 1050 169557 194123
249. 8 92994 103074 1010 157290 162735 1050 165679 170321
250. 8 105471 146488 530 62700 98945 2001 185153 197789
251. 8 161820 172708 1019 25105 31541 2001 178299 183810
252. 8 173705 197944 1019 39317 63517 2001 171777 177524
253. 8 195794 208915 1019 61016 75256 2000 29208 32058
254. 8 209037 226873 2000 6376 18983 1020 683 9701
255. 8 228747 242578 1018 75656 91695 1060 54727 61314
256. 8 245136 333287 1002 35647 115056 1060 61507 81926
257. 8 279697 357744 1002 66428 134028 228 611 10926
258. 8 359019 376874 1065 1111 5575 1002 135310 149526
259. 8 365097 465710 1002 137553 209365 1033 76702 129165
260. 8 465108 496768 1002 208736 226133 1036 142840 154794
261. 8 489992 551015 1002 218633 254240 534 55973 106864
262. 8 542052 575420 534 93615 116427 223 1098 11512
263. 8 570533 593665 534 110594 128137 461 1 15740
264. 8 594214 609003 530 99192 110478 478 61375 64656
265. 8 608218 629506 530 109747 120555 1009 26430 41821
266. 8 630668 658330 1032 92242 101594 1055 78247 97998
267. 8 660969 689160 1032 54437 90524 526 58012 67637
268. 8 689313 708327 1053 22659 30890 1002 263412 274904
269. 8 703865 724001 1002 270434 275712 1007 1375 14649
270. 8 768960 775600 526 41871 46589 1064 106501 108517
271. 8 775981 785347 1041 87507 98683 1026 20542 28062
272. 8 802549 818465 1026 69939 83972 414 1989 7536
273. 8 819533 828796 1016 56290 57950 463 1134 9666
274. 8 828395 852346 1016 57438 74916 282 1 19011
275. 8 880852 929552 1035 32246 67025 1066 18137 37047
276. 8 929775 943547 1027 46518 52407 1066 37217 43181
277. 8 952862 965517 1066 12125 17792 1035 21471 31542
278. 8 969133 986166 1069 24455 38197 295 6161 16009
279. 8 994752 1011153 1061 58801 66979 385 362 3630
280. 8 1013677 1027827 487 46135 58394 1048 198298 205715
281. 8 1030928 1039096 487 37021 45607 457 25969 42565
282. 8 1057263 1068649 1050 3799 15617 1028 187437 192591
283. 8 1069190 1086512 1014 9030 21169 1050 34788 41489
284. 8 1212915 1230343 1056 59302 74489 1061 135464 143499
285. 8 1228951 1252820 1056 52870 60729 1067 50848 72255
286. 8 1250262 1263539 1067 69586 77350 1073 56893 67039
287. 8 1273683 1283450 339 14321 17833 1005 21646 30029
288. 8 1283834 1296490 1051 8692 13590 339 17930 27664
289. 8 1304724 1332154 1010 11547 28884 1045 274 14378
290. 8 1327047 1338332 1010 1673 16965 1044 68048 76854
291. 8 1356162 1363899 1058 138933 146871 1032 149417 156859
292. 8 1361913 1376652 1032 152309 162710 1043 6232 13199
