>Skluyveri$
1. 1 2 3 4 5 6 7 8 9 10 11 12 13 $
2. 14 15 16 17 18 19 20 21 22 23 24 25 26 27 28 29 30 31 32 $
3. 33 34 35 36 37 38 39 40 41 42 43 44 45 46 47 48 49 50 51 52 $
4. 53 54 55 56 57 58 59 60 61 62 63 64 65 66 67 68 69 70 71 72 73 74 75 76 77 78 79 80 $
5. 81 82 83 84 85 86 87 88 89 90 91 92 93 94 95 96 97 98 99 100 101 102 103 $
6. 104 105 106 107 108 109 110 111 112 113 114 115 116 117 118 119 120 121 122 123 124 125 126 $
7. 127 128 129 130 131 132 133 134 135 136 137 138 139 140 141 142 143 144 145 146 147 148 149 150 151 152 153 154 155 156 157 158 159 160 161 $
8. 162 163 164 165 166 167 168 169 170 171 172 173 174 175 176 177 178 179 180 181 182 183 184 185 186 187 188 189 190 191 192 193 194 195 $

>Scerevisiae$
1. -80 -79 -27 -26 -25 -190 $
10. 38 39 40 41 61 62 63 64 -66 -65 -142 -144 -143 148 149 143 -146 -145 150 151 73 74 75 76 13 123 124 125 157 158 32 $
11. -13 -76 -155 -154 39 -140 141 142 -85 -159 -31 -30 -29 78 28 -77 -12 -161 -160 -84 11 -63 62 -61 -41 -40 -127 102 103 $
12. -195 -193 -147 -146 145 -144 147 86 -14 -186 -185 35 36 -120 119 -118 182 183 184 83 -10 193 191 16 17 18 -168 -167 -166 153 154 155 156 126 $
13. 53 54 55 53 -157 -156 -75 -133 82 77 78 28 29 30 31 159 85 86 87 88 89 -4 -3 -2 -169 19 -55 -54 -163 162 $
14. -52 -51 45 36 37 -101 -100 99 98 -97 -96 -95 -94 93 -91 92 67 68 -2 -1 $
15. -52 -51 45 -46 47 48 49 43 44 42 -26 25 -70 -82 81 -135 136 -128 -127 102 96 130 -131 -83 -10 -174 173 -172 -171 -170 -169 19 27 79 80 $
16. 3 4 5 6 7 -170 171 172 -173 174 175 -176 177 178 179 180 15 122 123 22 23 24 110 -106 126 $
2. -122 -121 124 -21 189 -50 -60 -59 -58 57 -56 20 21 22 23 -49 48 -177 175 -176 -9 -8 111 -65 66 -64 $
3. 33 34 -67 68 -71 -72 -38 -1 $
4. -101 181 -117 -120 119 -118 -117 -90 -89 -88 -87 -153 166 167 44 42 -50 -60 -59 -58 57 56 20 -187 -186 -185 -184 -183 -182 -181 -180 -179 136 -128 -139 -138 -137 129 130 131 132 133 134 135 -178 -47 46 -35 -34 33 $
5. -81 -132 -74 -73 -72 -71 -109 -108 -107 125 -105 114 115 116 121 194 -187 $
6. 14 15 -70 69 112 113 -104 $
7. 104 105 -194 -90 5 -8 -7 -6 9 -192 188 189 190 191 16 17 37 18 -168 -43 24 110 -106 188 192 -148 149 150 151 152 -165 -164 -163 162 $
8. -195 -12 -84 11 134 69 -141 138 139 140 -137 129 97 98 99 100 152 -165 -164 158 32 $
9. -103 -95 -94 -93 -92 -91 -116 115 -114 113 -112 -109 -108 -107 111 160 161 $


# markers coordinates
1. 1 46692 178534 3 208131 286440 14 662915 711206
2. 1 210571 228441 13 664751 674765 14 636988 644195
3. 1 228855 267465 13 640914 664283 16 64977 82356
4. 1 270179 350264 13 605980 640603 16 82625 132227
5. 1 356955 389176 7 245721 269194 16 133042 151329
6. 1 389395 440349 7 358639 384769 16 151514 175863
7. 1 446435 495710 16 181402 202535 7 331121 358342
8. 1 510446 630829 2 662990 720599 7 270398 323233
9. 1 632974 657179 2 645545 662244 7 385199 401290
10. 1 670767 755929 12 678214 730303 15 657265 692033
11. 1 767160 802032 11 428945 456697 8 104272 108117
12. 1 852429 882691 11 362265 378215 8 70273 83717
13. 1 891645 914734 11 31083 47973 10 572308 578183
14. 2 51813 181242 6 36803 97496 12 246325 289251
15. 2 253458 301064 16 539382 571375 6 145109 161194
16. 2 329534 388497 7 529268 559998 12 790676 826412
17. 2 389190 415298 7 560686 583896 12 828729 839252
18. 2 415911 438896 7 591318 605505 12 840320 852018
19. 2 439233 519343 13 733544 761890 15 868339 911442
20. 2 541499 557226 2 393118 405245 4 563525 567553
21. 2 567179 607092 2 409163 424823 2 146190 169379
22. 2 607486 734733 16 657526 709826 2 424984 496863
23. 2 734944 762553 16 711401 718466 2 497157 512768
24. 2 764315 796171 7 640724 650621 16 719556 742062
25. 2 801018 814685 1 130802 136635 15 259924 267530
26. 2 815306 857089 15 234939 254616 1 108878 130533
27. 2 857323 971167 1 68717 108552 15 916027 1003222
28. 2 971780 986369 11 342496 348780 13 332211 343519
29. 2 987814 995390 11 317408 324764 13 344402 349521
30. 2 1004619 1025675 11 306929 314917 13 353870 380199
31. 2 1025700 1047285 11 291097 301526 13 380345 394787
32. 2 1047724 1068217 10 698320 705266 8 502388 516485
33. 3 37529 76188 3 15798 38801 4 1494578 1500545
34. 3 81284 138929 4 1470009 1489790 3 41488 75285
35. 3 155529 174462 4 1447822 1459212 12 511056 524392
36. 3 194464 209663 14 110917 118809 12 524867 534395
37. 3 255022 268965 14 138551 145282 7 584899 590915
38. 3 355675 458402 10 36919 85334 3 170882 199545
39. 3 461644 551125 10 87581 133932 11 109274 142824
40. 3 551987 571512 11 559308 566840 10 136369 146041
41. 3 577183 664651 10 147098 193465 11 520539 558596
42. 3 682073 707661 4 403692 416705 15 210520 226074
43. 3 747926 772427 15 189658 196337 7 634308 640375
44. 3 773107 809517 4 369769 399126 15 196507 207176
45. 3 820524 826963 15 111431 115808 14 103134 108274
46. 3 839747 854898 4 1434916 1446986 15 116396 127920
47. 3 865789 889855 15 132725 143696 4 1422755 1431888
48. 3 890259 913326 2 536569 549003 15 144204 159445
49. 3 913490 952876 2 515658 536090 15 159548 189414
50. 3 957963 1029736 2 227639 257973 4 438044 462513
51. 3 1077112 1190480 14 31943 94801 15 58759 110638
52. 3 1192946 1219198 15 44937 58538 14 18001 31377
53. 4 24754 64798 13 74398 99400 13 11484 25801
54. 4 96411 115264 13 824728 836866 13 34243 41794
55. 4 117178 187783 13 779628 824630 13 42043 73920
56. 4 219840 242459 2 376571 391388 4 551858 558058
57. 4 250066 259663 2 364785 370697 4 539800 548308
58. 4 259895 327738 2 324337 362512 4 484160 524710
59. 4 331254 348406 2 315575 323945 4 477794 483857
60. 4 352122 363961 2 298292 306955 4 471850 475986
61. 4 365852 410174 11 497220 516513 10 205301 227772
62. 4 412470 460244 11 483062 497196 10 229021 268410
63. 4 462595 496698 10 268794 293976 11 461278 481624
64. 4 503196 524490 10 299152 310632 2 771235 777850
65. 4 531948 583116 2 738577 757101 10 315754 348632
66. 4 584930 602505 2 757616 770411 10 310917 315552
67. 4 708312 725679 3 91324 105548 14 621315 627144
68. 4 758233 783102 3 119573 136871 14 629624 635299
69. 4 803363 836897 6 199862 210056 8 134547 146055
70. 4 841835 866431 6 162482 168489 15 274958 290554
71. 4 883107 896106 5 126629 135234 3 152835 155094
72. 4 896563 914260 3 158534 167995 5 116167 126218
73. 4 916181 990780 5 73771 115800 10 486579 528469
74. 4 993844 1009086 10 528690 533752 5 64709 73348
75. 4 1011546 1043239 10 534020 545168 13 169116 181075
76. 4 1048973 1090266 10 545780 572117 11 48195 70223
77. 4 1098968 1135229 11 349107 360460 13 291133 325434
78. 4 1137658 1158608 11 326052 342017 13 325876 330230
79. 4 1161815 1192623 1 52802 67521 15 1005135 1018744
80. 4 1201310 1241199 1 31568 48251 15 1023459 1043040
81. 5 75498 94238 5 34407 41953 15 331456 339979
82. 5 112382 150661 15 301381 324365 13 269019 282584
83. 5 153037 169025 12 663286 673336 15 648805 653885
84. 5 171315 183104 8 98339 103965 11 421067 428194
85. 5 196218 330570 13 422502 502733 11 179672 270294
86. 5 343998 399306 12 199541 229583 13 507501 545729
87. 5 399919 446825 4 301413 316388 13 546124 558523
88. 5 452894 481183 4 282112 300999 13 563095 572714
89. 5 491382 524982 13 577717 605519 4 270222 274876
90. 5 525860 581649 7 210421 241090 4 246689 269976
91. 5 596055 603921 9 197928 203256 14 574507 578774
92. 5 607553 627441 14 584321 597540 9 183934 195067
93. 5 629884 644621 14 555049 560480 9 175304 183124
94. 5 645124 775353 14 481392 551988 9 93619 173025
95. 5 786273 808413 14 467133 476620 9 83302 88716
96. 5 808613 897558 15 482035 539466 14 412773 466644
97. 5 902623 975868 8 340112 361647 14 360926 409911
98. 5 976034 991466 14 346315 355044 8 362118 367895
99. 5 994140 1005622 14 338480 345278 8 368505 374313
100. 5 1017680 1053885 8 378222 391700 14 307403 337611
101. 5 1054345 1190663 4 26403 80413 14 206931 306982
102. 5 1191449 1213984 15 471901 481752 11 604047 613527
103. 5 1214297 1276172 9 39433 83041 11 615372 639606
104. 6 41362 114347 6 231999 255036 7 23935 69331
105. 6 114822 187070 5 207643 237118 7 69671 117565
106. 6 208358 307018 7 717362 770304 16 786204 839773
107. 6 312042 330389 5 177834 191787 9 370701 374857
108. 6 351154 373786 9 357412 369905 5 162722 173337
109. 6 375457 409171 5 138918 162441 9 342533 356892
110. 6 436495 528104 16 742452 785667 7 654638 706505
111. 6 531394 541464 2 722606 728097 9 375428 379778
112. 6 541680 572996 9 311163 324103 6 213300 226538
113. 6 574092 596551 9 292632 310424 6 226950 231928
114. 6 596801 652684 9 261436 291668 5 237569 265784
115. 6 653122 659322 5 269421 273884 9 256224 259769
116. 6 663205 739476 5 278296 327027 9 212496 255865
117. 6 743532 803338 4 107209 144224 4 213352 241197
118. 6 805366 850949 12 562010 573920 4 176774 212047
119. 6 854430 871981 4 164988 176487 12 554580 561734
120. 6 878709 919763 12 535216 553679 4 148192 164866
121. 6 925625 1050033 2 43274 124762 5 333172 404348
122. 6 1058414 1093771 16 610478 637221 2 9961 38687
123. 6 1094132 1144782 10 578853 612039 16 637376 654844
124. 6 1166099 1212990 10 629579 640445 2 125128 137464
125. 6 1221606 1243387 10 640819 654232 5 196947 204962
126. 6 1248609 1321289 12 1039268 1058516 16 864445 920483
127. 7 49770 114612 11 567560 603874 15 422669 471622
128. 7 122929 149529 4 1002506 1015698 15 400348 417682
129. 7 150598 192421 8 314877 337812 4 1176332 1200545
130. 7 193623 341542 15 539764 618289 4 1202835 1278429
131. 7 343513 359993 15 628361 638559 4 1284061 1293083
132. 7 364506 403143 4 1293361 1314884 5 52721 60851
133. 7 403654 522602 13 202775 258416 4 1315318 1386508
134. 7 522850 555239 4 1386808 1404165 8 117809 132915
135. 7 557408 572383 15 368127 377712 4 1404437 1414266
136. 7 577213 607388 15 379781 400104 4 969986 1002019
137. 7 649984 837639 4 1063348 1153620 8 215185 286772
138. 7 837830 883604 4 1038276 1062787 8 175541 189857
139. 7 898009 908929 8 190536 198278 4 1019364 1024751
140. 7 909633 922055 8 198733 211972 11 153274 158186
141. 7 931981 957206 8 147864 167427 11 158619 162340
142. 7 958177 987544 10 356019 373794 11 163647 179179
143. 7 987737 1000816 10 417556 424103 10 383832 390848
144. 7 1001060 1031466 12 161754 177415 10 378820 383370
145. 7 1031981 1052274 10 440987 448018 12 156854 161433
146. 7 1054059 1097228 12 131728 156333 10 425151 440639
147. 7 1097824 1114041 12 177607 187128 12 121321 130612
148. 7 1169772 1191517 10 397350 409156 7 829121 834487
149. 7 1191656 1204293 7 872049 882236 10 409487 414764
150. 7 1209734 1238779 10 451013 462418 7 882817 892191
151. 7 1238951 1265089 7 894698 912817 10 464444 471664
152. 7 1295197 1347423 7 922180 962065 8 392642 406181
153. 7 1349161 1382608 4 316971 332941 12 919536 947976
154. 7 1383092 1413552 11 84709 108604 12 948366 956707
155. 7 1426974 1442168 11 78871 83555 12 963782 971692
156. 7 1452894 1555389 13 111865 167308 12 982891 1035761
157. 7 1555520 1570144 10 654731 665013 13 104777 111550
158. 7 1574930 1622211 10 667638 698163 8 486230 501143
159. 7 1627709 1653351 11 277925 290696 13 397076 407583
160. 7 1661601 1690393 9 397291 405964 11 402211 420859
161. 7 1690766 1706417 9 416121 421787 11 389883 401723
162. 8 47944 107441 13 870072 902412 7 1045650 1063159
163. 8 107767 155316 13 850073 869626 7 1019604 1045486
164. 8 164406 197223 8 452872 483837 7 1004630 1014095
165. 8 197621 267338 7 962534 1002245 8 412910 452640
166. 8 268843 331380 12 878282 919019 4 333121 356759
167. 8 342849 358678 12 871696 877177 4 359825 368211
168. 8 362450 401858 7 606140 634067 12 852494 871366
169. 8 402212 488639 13 689082 733140 15 834451 867851
170. 8 497300 525552 15 808254 830573 16 216011 225740
171. 8 526051 564412 16 228313 251667 15 795802 808108
172. 8 566194 683362 16 252033 318944 15 733926 795333
173. 8 687202 699673 16 319225 323743 15 725565 733458
174. 8 702292 744070 15 710447 724726 16 324410 347388
175. 8 749157 874345 16 348443 425844 2 571463 624207
176. 8 877895 894591 2 624489 631937 16 426230 431366
177. 8 914158 946976 16 444576 456661 2 549765 567475
178. 8 947455 962071 4 1417391 1422477 16 457115 465645
179. 8 964858 983475 4 963408 969676 16 465959 481898
180. 8 989608 1013758 4 954284 963102 16 488885 509997
181. 8 1018983 1080364 4 916482 953977 4 86208 104552
182. 8 1082785 1096457 12 574153 585492 4 912095 915924
183. 8 1096888 1132242 4 868221 911297 12 587697 604789
184. 8 1136877 1187028 12 605760 628199 4 832856 867519
185. 8 1187379 1212855 4 817947 832470 12 491868 500272
186. 8 1213167 1532581 4 669013 816557 12 294092 447576
187. 8 1552600 1705213 4 574161 655441 5 450558 546409
188. 8 1831362 1872065 7 784228 793058 7 431553 446148
189. 8 1872625 1908134 2 199067 212178 7 446417 464916
190. 8 1928419 1962163 7 479915 495171 1 147596 159794
191. 8 1986975 1999423 7 498480 508368 12 778173 783387
192. 8 2031731 2053406 7 802445 828582 7 405779 415734
193. 8 2059083 2103605 12 732544 758835 12 105685 121110
194. 8 2123140 2209223 5 404809 433954 7 122699 173085
195. 8 2236849 2301876 12 39803 80204 8 21780 55847
