>Agossypii$
1. 1 2 3 4 5 6 7 8 9 10 11 12 13 14 15 16 17 18 19 20 21 22 23 24 25 26 27 28 29 30 31 32 $
2. 33 34 35 36 37 38 39 40 41 42 43 44 45 46 47 48 49 50 51 52 53 54 55 56 57 58 59 60 61 62 63 64 65 66 67 68 $
3. 69 70 71 72 73 74 75 76 77 78 79 80 81 82 83 84 85 86 87 88 89 90 91 92 93 94 95 96 97 98 99 100 101 102 103 $
4. 104 105 106 107 108 109 110 111 112 113 114 115 116 117 118 119 120 121 122 123 124 125 126 127 128 129 130 131 132 133 134 135 136 137 138 139 140 141 142 143 144 145 146 147 148 149 150 151 152 153 154 155 156 157 158 159 160 161 162 163 164 165 $
5. 166 167 168 169 170 171 172 173 174 175 176 177 178 179 180 181 182 183 184 185 186 187 188 189 190 191 192 193 194 195 196 197 198 199 200 201 202 203 204 205 206 207 208 209 210 211 212 213 214 215 216 217 218 219 220 221 $
6. 222 223 224 225 226 227 228 229 230 231 232 233 234 235 236 237 238 239 240 241 242 243 244 245 246 247 248 249 250 251 252 253 254 255 256 257 258 259 260 261 262 263 264 265 266 267 268 269 270 271 272 273 274 275 276 277 278 279 280 281 282 283 284 285 286 287 288 $
7. 289 290 291 292 293 294 295 296 297 298 299 300 301 302 303 304 305 306 307 308 309 310 311 312 313 314 315 316 317 318 319 320 321 322 323 324 325 326 327 328 329 330 331 332 333 334 335 336 337 338 339 340 341 342 343 $

>Scastellii$
1002. -245 -244 $
1003. -101 $
1004. -31 -237 -236 $
1005. 70 -52 $
1006. -79 219 220 217 $
1007. -238 -9 3 $
1008. -74 $
1009. 108 -203 $
1010. -102 $
1011. -233 $
1013. -76 $
1014. -132 -131 97 -128 73 100 65 342 293 294 $
1015. 78 -149 -148 $
1017. -30 -29 -334 $
1018. -29 -334 $
1019. 162 $
1020. -288 96 $
1022. 159 10 -325 -275 -274 $
1023. 75 $
1025. -253 -311 -199 -198 $
1027. 240 252 251 -254 $
1028. -156 -155 211 175 176 $
1029. -66 -99 249 -278 312 277 -313 $
1030. -276 -239 -238 -170 -49 282 $
1031. 338 -76 -75 -74 $
1032. -86 5 336 337 $
1033. 122 123 124 177 $
1034. -51 -165 $
1035. -14 -177 -124 $
1036. 98 -248 266 26 27 $
1038. 323 324 -321 -320 318 319 301 302 317 $
1039. -314 -320 318 $
1040. -255 167 -161 -160 -103 166 47 44 212 213 151 152 17 -309 -162 $
1041. 256 -90 290 -61 7 $
1042. -32 -41 -40 316 -299 $
1043. 100 65 342 $
1044. 288 $
1045. 17 -167 -166 103 160 -165 -164 -161 $
1046. 332 -289 $
1047. -92 -6 1 -210 -209 $
1048. -196 $
1049. 235 236 237 $
1050. -159 333 -87 88 3 4 $
1051. 298 -279 48 -281 -215 -214 38 -271 -270 105 $
1052. 48 -281 $
1053. -224 109 $
1054. 116 -117 $
1055. -87 -30 -141 72 -292 -291 62 63 -171 $
1056. -190 -191 284 178 179 144 2 -246 -245 -244 158 $
1057. 335 91 -218 147 $
1058. -287 -286 230 231 232 -7 -8 90 $
1059. -262 -261 -154 -153 28 335 91 -218 -174 -173 267 226 227 $
1060. 42 43 -201 -200 -247 $
1061. -303 301 302 317 192 183 -206 -66 -99 249 -278 -277 312 313 82 -134 $
1062. 151 $
1063. -333 -332 88 89 $
127. 241 $
2000. 33 34 35 36 $
2001. -289 290 -61 -211 175 -176 $
2002. -130 -129 -128 131 132 133 83 -85 -84 250 -143 -142 -141 72 $
2003. 104 106 107 108 -203 -202 -300 -299 -316 40 41 -32 -206 -193 59 68 -183 -192 204 205 194 $
219. 89 $
248. 86 $
342. -337 $
343. -107 $
375. 129 $
400. 80 $
416. -142 $
417. -37 $
431. 125 $
458. -228 $
459. -323 $
465. -234 $
472. 13 $
474. 16 $
488. 15 $
489. 309 $
490. 51 $
491. 33 $
497. 271 $
506. -304 $
510. -293 $
518. -283 $
519. -68 -67 $
520. 127 -130 $
522. 135 $
525. -163 $
527. -310 $
528. 322 $
532. -229 $
536. 158 $
537. 73 $
539. -164 $
541. -182 223 $
542. 286 78 $
547. -200 -199 $
549. 185 $
555. 322 $
558. 14 $
559. 197 $
560. -184 145 $
562. 39 $
565. 126 $
566. -205 -204 -319 $
567. 140 295 $
568. 296 -150 $
575. -273 $
576. 324 -321 $
577. -136 $
578. -219 79 $
580. 77 $
582. -102 $
583. -115 -186 -185 -184 $
584. -12 -11 341 157 $
585. -122 -121 $
587. -287 $
588. 11 -10 -9 -8 $
589. 343 120 $
595. -125 $
596. -307 $
600. -305 $
602. -314 134 82 $
604. 81 -253 -311 -247 $
605. 330 -111 110 95 $
608. 265 $
610. -63 -62 $
613. -224 -109 $
614. 331 $
616. 46 $
617. -338 $
618. 190 $
619. 163 $
620. -336 -5 4 $
621. -310 $
622. -81 -80 $
623. 240 -155 $
625. -308 53 54 -225 -22 -21 -20 $
626. -270 -105 $
628. -283 96 -189 -188 -187 -186 $
629. 208 -297 $
630. 297 $
631. 171 $
634. -180 285 $
635. 123 -202 -300 $
639. 315 -52 -70 $
640. -94 -93 $
641. -213 -212 -272 55 $
646. 182 -157 -341 -340 -12 $
648. 273 274 -153 28 $
649. -149 -148 -147 145 146 -58 -57 -56 $
651. -101 -181 $
653. -6 214 215 $
654. 242 243 $
658. -207 77 -223 $
660. -46 -45 272 267 -174 -173 -146 $
664. 328 172 139 $
666. 112 222 60 339 $
668. 315 -239 -276 -169 50 $
671. -118 -119 -117 -116 -115 -114 -113 $
672. 294 -97 -292 -291 $
673. -127 -126 331 269 50 -268 $
675. 178 179 144 2 -246 $
676. 71 263 264 280 216 $
677. 34 35 36 37 242 $
679. 306 307 -326 327 $
682. -306 -305 -304 -303 $
683. -69 -170 -49 282 195 $
686. 340 31 $
687. -260 -259 -258 -257 -221 $
689. -285 180 181 $
694. 220 217 113 189 -114 $
695. -119 -118 13 -15 -269 -268 -187 -16 188 $
696. 279 -298 209 210 -1 38 $
697. -284 191 243 -339 -60 -222 -112 275 $
700. -64 329 330 -111 -94 -93 -92 -95 -110 $
701. 133 83 -85 84 250 -143 $
702. 69 -325 154 261 262 $
705. 25 -138 -24 -23 -18 -137 168 59 104 106 $
709. -136 135 -265 -58 -57 -56 -55 -54 -53 308 $
710. -156 169 -252 241 254 -251 -194 $
712. -260 -259 -258 -257 -221 -216 -280 -264 $
714. 207 71 98 -248 266 26 27 -152 $
716. -263 138 -25 -24 -23 -18 -137 168 -343 120 121 193 -67 $
719. 195 196 197 198 201 -43 42 $
720. -235 -234 -233 -232 227 228 229 230 231 -226 -225 -22 -21 -20 -19 208 $
721. -329 64 328 172 139 140 295 296 -150 39 -327 -326 -256 -255 47 44 45 19 $


# markers coordinates
1. 1 8108 14846 696 71264 73889 1047 37533 41139
2. 1 16155 32205 1056 86653 99481 675 46040 54357
3. 1 75086 100635 1050 66547 76559 1007 67324 81751
4. 1 100017 108322 1050 75978 78262 620 18724 27020
5. 1 113951 122102 620 7525 13638 1032 21653 26143
6. 1 141617 190687 653 5427 37340 1047 10907 32517
7. 1 191963 222620 1041 107912 143733 1058 174688 178834
8. 1 223170 245764 1058 198807 207403 588 17610 30307
9. 1 241008 250284 588 13854 22594 1007 40197 43720
10. 1 250365 259601 1022 29760 31883 588 6869 13681
11. 1 268833 275852 584 2702 5612 588 2362 6703
12. 1 274941 280704 584 151 3544 646 44023 46300
13. 1 291808 304193 472 356 8275 695 11173 16820
14. 1 308147 319973 1035 164 10044 558 1880 4975
15. 1 322958 330100 488 1202 7748 695 17005 19140
16. 1 335149 346467 474 3 7937 695 86081 88429
17. 1 364905 370463 1040 175732 178151 1045 6381 8637
18. 1 402706 408672 705 48747 53004 716 62733 67553
19. 1 420088 425521 721 276863 279149 720 205161 207995
20. 1 425661 457970 625 39854 46382 720 175262 201018
21. 1 458942 473486 625 37450 39348 720 164195 173488
22. 1 460781 479870 720 162959 173488 625 34158 38100
23. 1 495296 519306 705 35801 48369 716 41135 62390
24. 1 500951 524219 716 36637 57990 705 31326 37048
25. 1 526057 536910 705 2164 11192 716 19087 23118
26. 1 544522 563116 714 96153 108782 1036 52178 60608
27. 1 564510 586061 714 108938 118359 1036 60897 73595
28. 1 586622 594472 1059 93263 99953 648 40434 49254
29. 1 596007 606314 1017 8424 11216 1018 8610 16062
30. 1 606941 616439 1017 3647 7128 1055 20669 33004
31. 1 619114 647502 686 31629 50745 1004 1 15803
32. 1 674647 690205 1042 538 14110 2003 176720 178691
33. 2 46986 75865 2000 1 26520 491 3969 10603
34. 2 72793 96630 2000 23557 42044 677 1423 13786
35. 2 97049 127771 2000 43331 76704 677 14116 36823
36. 2 124839 133226 2000 73337 82205 677 40561 43688
37. 2 133479 140217 417 152 4521 677 43904 47423
38. 2 152141 161081 1051 112512 118263 696 81779 87713
39. 2 184353 204445 721 130054 147633 562 8874 15174
40. 2 205066 221969 2003 146764 157435 1042 29016 51381
41. 2 223594 235432 1042 20754 28573 2003 157873 167299
42. 2 236932 261754 1060 21601 28282 719 186678 203304
43. 2 260840 277784 1060 27242 34240 719 171567 182624
44. 2 293537 303321 721 263065 270799 1040 96600 101531
45. 2 303659 324005 660 2633 19017 721 270823 275918
46. 2 312376 337709 660 2 14394 616 9747 25729
47. 2 341667 360928 1040 82216 96091 721 247613 262020
48. 2 367024 378113 1051 46676 52425 1052 1 5750
49. 2 381100 392550 1030 50209 60131 683 17277 20811
50. 2 409894 424087 673 25002 32153 668 36495 47855
51. 2 431186 438913 490 2465 7075 1034 8425 12920
52. 2 454455 468182 1005 10993 17565 639 11788 22045
53. 2 469091 493803 709 96392 119563 625 12695 15327
54. 2 495329 501714 709 88357 95760 625 16943 22235
55. 2 507669 528572 709 71526 85539 641 46975 53117
56. 2 532917 555653 709 52632 68730 649 44116 57793
57. 2 551739 558796 649 41920 47166 709 50786 53483
58. 2 555932 561766 649 39880 43626 709 46604 52328
59. 2 570874 594024 705 84195 96066 2003 206432 219781
60. 2 641041 655983 697 45422 55911 666 38947 44368
61. 2 658141 674242 2001 28368 40084 1041 45632 51153
62. 2 677955 687716 1055 83232 88864 610 27225 32945
63. 2 695748 757374 1055 89671 136702 610 2036 26514
64. 2 759984 774495 721 9783 21241 700 173 5483
65. 2 798510 814498 1043 17474 29035 1014 107284 112594
66. 2 816068 820152 1029 12889 14493 1061 118625 121295
67. 2 836764 848184 716 137109 142903 519 3302 14194
68. 2 844740 853883 519 1661 7317 2003 222120 226375
69. 3 20130 27572 683 5696 9883 702 20884 25854
70. 3 37473 51807 1005 100 10374 639 23618 33736
71. 3 61958 73873 676 10775 15617 714 16509 25656
72. 3 75271 80872 1055 44957 49214 2002 153167 153968
73. 3 81492 96458 537 4259 15109 1014 80264 86026
74. 3 105280 111116 1008 2889 8697 1031 35718 39558
75. 3 117344 129870 1031 25169 33175 1023 2359 5897
76. 3 127882 143003 1031 19614 27655 1013 1023 8235
77. 3 153775 162691 658 25884 32286 580 5804 11606
78. 3 162893 182087 1015 205 14407 542 6231 14221
79. 3 191573 212231 578 17729 28229 1006 3 7520
80. 3 229767 239183 622 7679 16710 400 3 2603
81. 3 249544 257507 622 3 7236 604 1 1420
82. 3 264934 278799 602 22058 31281 1061 204341 215775
83. 3 280760 291942 2002 59192 65298 701 22049 33588
84. 3 293391 300277 2002 77261 83401 701 62550 64081
85. 3 302396 320577 701 36021 49963 2002 66308 77062
86. 3 328044 330956 1032 14791 17070 248 2 1372
87. 3 368913 378095 1050 55538 59261 1055 2910 7930
88. 3 378750 384788 1063 23422 27970 1050 60290 63717
89. 3 382776 394581 1063 25888 32702 219 1 1409
90. 3 431343 441412 1058 207652 210742 1041 31701 38754
91. 3 501241 522470 1059 110503 125822 1057 14411 24608
92. 3 532260 546466 1047 463 10068 700 74365 83152
93. 3 546745 555741 640 35225 43908 700 67750 73855
94. 3 554695 595502 700 45079 68859 640 3 33313
95. 3 626484 643438 700 86667 100323 605 26081 30799
96. 3 644229 657402 628 8261 13887 1020 60053 73161
97. 3 661152 689857 1014 33028 49654 672 33004 44507
98. 3 700044 721642 1036 2621 9359 714 25707 36563
99. 3 722725 752882 1029 17990 25677 1061 121702 145362
100. 3 762394 781198 1014 92073 105833 1043 3376 16882
101. 3 786932 803426 1003 1067 9668 651 7108 15184
102. 3 823895 834552 1010 3106 5444 582 10156 18760
103. 3 854587 895843 1045 29971 53403 1040 38200 70905
104. 4 41262 67586 2003 13488 34784 705 100856 115673
105. 4 77471 93036 626 16689 27175 1051 144510 148062
106. 4 96109 113497 2003 35551 47987 705 116346 122788
107. 4 112082 116578 2003 46458 50226 343 3 1663
108. 4 117478 181795 2003 50431 82686 1009 122 43816
109. 4 189100 199121 613 22703 30328 1053 48702 50546
110. 4 214185 224414 605 17517 25536 700 101297 103797
111. 4 225068 239995 605 9566 16959 700 30709 39306
112. 4 241530 247254 697 80561 84155 666 1306 3799
113. 4 249512 290916 694 42696 66068 671 40385 65350
114. 4 284860 298404 671 38073 46392 694 80723 86798
115. 4 298758 307775 583 2 4821 671 32577 37803
116. 4 308663 320885 1054 12 5613 671 26780 31533
117. 4 321491 338626 671 16759 25610 1054 8586 26548
118. 4 341897 347005 671 8465 15505 695 5612 7947
119. 4 345612 350711 671 8465 11957 695 163 5923
120. 4 359741 373405 589 12656 23585 716 106848 113197
121. 4 375530 388855 585 2305 15009 716 115334 117591
122. 4 383367 397440 585 1 8033 1033 3058 12141
123. 4 395809 412146 1033 10369 20818 635 50 14494
124. 4 413244 424536 1035 38158 44988 1033 21167 23421
125. 4 446687 456085 595 2906 8331 431 426 3774
126. 4 468446 476938 565 11834 19392 673 6519 9896
127. 4 476147 479931 673 4979 7310 520 3 861
128. 4 480457 502093 1014 72608 79624 2002 9003 21736
129. 4 490021 508225 2002 2816 17478 375 1048 2324
130. 4 506849 521756 2002 287 3943 520 5947 14448
131. 4 532192 548351 2002 22512 35884 1014 20480 28269
132. 4 538945 555903 2002 27123 43222 1014 2 21373
133. 4 556133 579807 701 566 21490 2002 43430 58690
134. 4 647420 658979 602 11426 14874 1061 232687 240424
135. 4 690534 698185 522 2392 5412 709 14762 21837
136. 4 717236 738872 577 1 13419 709 2203 11945
137. 4 752293 770906 705 53524 66487 716 68016 81002
138. 4 771095 777324 705 11596 13656 716 15927 18645
139. 4 777752 789970 721 64682 71905 664 49048 54806
140. 4 805887 817022 721 80901 94143 567 10044 12046
141. 4 827033 849791 2002 124390 146202 1055 33781 39223
142. 4 858171 868425 2002 112728 121721 416 242 1883
143. 4 868742 900545 701 73022 94323 2002 92957 111621
144. 4 914967 927964 1056 78595 85979 675 38670 43678
145. 4 929232 939153 560 16937 22339 649 16395 23871
146. 4 940349 954421 660 59179 68590 649 24071 29742
147. 4 963261 974432 649 6786 11946 1057 45664 53011
148. 4 972893 979797 649 4031 8379 1015 20998 22849
149. 4 977348 984530 1015 15571 21279 649 1844 5599
150. 4 989728 993125 568 18853 21640 721 118202 120233
151. 4 1016976 1033849 1040 146244 156206 1062 770 7528
152. 4 1034091 1051362 1040 156263 168344 714 120450 129294
153. 4 1059701 1066275 1059 87434 92485 648 34940 39208
154. 4 1067288 1112128 1059 58361 86599 702 51707 88779
155. 4 1135915 1159256 1028 17035 38761 623 4636 21744
156. 4 1157927 1180358 1028 2143 18548 710 1092 11502
157. 4 1203828 1237521 646 7012 28750 584 12395 29152
158. 4 1268077 1277163 1056 170156 173845 536 2218 6829
159. 4 1311984 1319250 1050 13660 16891 1022 3790 6349
160. 4 1319474 1327034 1045 53786 56241 1040 30357 34425
161. 4 1326270 1336346 1040 23794 31121 1045 97306 107353
162. 4 1362309 1382063 1019 3 8677 1040 230912 240536
163. 4 1382492 1408627 619 5968 29203 525 305 8415
164. 4 1408968 1428882 539 931 12139 1045 82903 94089
165. 4 1429115 1461692 1034 23976 36653 1045 58771 82547
166. 5 5878 17906 1040 71410 76016 1045 20878 29206
167. 5 10761 26613 1045 16252 28541 1040 13751 19094
168. 5 26840 49206 705 66665 83837 716 84056 93541
169. 5 81182 89688 710 21269 25636 668 24771 29939
170. 5 103316 109227 1030 45188 48859 683 13816 17030
171. 5 125984 148282 631 24222 43824 1055 138257 142145
172. 5 152451 191812 664 17680 48194 721 42305 63200
173. 5 191997 204600 1059 148547 153323 660 40503 52090
174. 5 205921 219825 660 31366 40247 1059 139329 144465
175. 5 220152 234088 1028 71903 77303 2001 69130 77952
176. 5 234338 240474 2001 80541 86764 1028 80539 83595
177. 5 244067 267060 1035 28469 36870 1033 25511 49831
178. 5 296782 332804 1056 42879 68238 675 12946 23096
179. 5 333197 344950 675 27573 34788 1056 68395 73749
180. 5 345743 365428 634 3 17111 689 19127 29028
181. 5 365368 418356 651 32511 55369 689 29532 67380
182. 5 443122 451625 646 2 1600 541 1 5779
183. 5 454817 469166 1061 72508 82122 2003 240152 246456
184. 5 485155 491263 583 22341 26652 560 2385 4401
185. 5 489107 514597 583 17896 24608 549 575 10580
186. 5 520801 538020 583 5617 17383 628 47066 52865
187. 5 538249 543270 695 81857 83978 628 43619 46434
188. 5 541117 549095 628 39566 46006 695 88748 92722
189. 5 548472 563778 628 28744 40256 694 66241 74562
190. 5 566187 586415 618 1366 10044 1056 2174 13387
191. 5 586885 607040 1056 20796 33201 697 10324 18366
192. 5 608518 613559 1061 69141 72242 2003 249555 254466
193. 5 635321 660015 716 117828 136824 2003 197237 206145
194. 5 664899 702544 2003 266476 291443 710 100893 127975
195. 5 707819 739023 719 1886 33271 683 68365 76882
196. 5 735402 793821 719 29709 68668 1048 3821 30842
197. 5 806179 841579 559 826 19806 719 78400 109229
198. 5 847858 878247 1025 29039 43551 719 115795 140712
199. 5 878397 885473 547 8724 11813 1025 24819 28850
200. 5 883398 895253 547 1628 10724 1060 79371 86820
201. 5 894096 942957 1060 43443 80456 719 147585 169434
202. 5 951174 974719 2003 86071 103805 635 18754 33117
203. 5 975544 983007 1009 44473 49019 2003 83057 85300
204. 5 1009599 1020394 2003 254660 260773 566 6906 11306
205. 5 1021314 1026711 2003 260947 266200 566 2803 6777
206. 5 1044971 1064279 1061 102223 118373 2003 179239 187733
207. 5 1082034 1109335 658 3 23015 714 1578 11315
208. 5 1117514 1135946 720 208092 222395 629 3 12353
209. 5 1142234 1155808 696 54948 63649 1047 58254 64317
210. 5 1156062 1171038 696 64961 70804 1047 45469 55339
211. 5 1178536 1191572 1028 49031 58621 2001 61840 65623
212. 5 1191841 1217671 641 22404 33658 1040 103829 125755
213. 5 1215887 1251748 1040 123776 145791 641 524 20064
214. 5 1253625 1261563 653 40287 43359 1051 82975 93792
215. 5 1259842 1290218 1051 72152 84969 653 45042 62791
216. 5 1294725 1303944 676 57563 64155 712 93228 96580
217. 5 1311153 1340537 694 20240 39182 1006 36322 58161
218. 5 1357717 1373307 1057 24828 35255 1059 128076 139180
219. 5 1421285 1447775 578 2488 17104 1006 11158 28109
220. 5 1447884 1464872 694 8935 19937 1006 28553 35450
221. 5 1465361 1474742 687 62410 72512 712 85785 87794
222. 6 5332 25688 697 63968 80304 666 12169 24015
223. 6 46599 55033 541 7335 15469 658 50059 58248
224. 6 56150 93240 613 4437 17787 1053 191 26514
225. 6 93525 101302 720 154966 161715 625 22648 25630
226. 6 101798 137706 1059 173181 204044 720 124040 154654
227. 6 140404 148499 1059 204219 212087 720 49293 54441
228. 6 147222 166941 720 53038 60914 458 3 9046
229. 6 178780 191830 720 64517 77013 532 13817 15713
230. 6 199903 249083 720 86270 116621 1058 117769 143346
231. 6 250625 259927 1058 143538 149690 720 116875 120400
232. 6 258977 296097 1058 148719 162946 720 29193 45453
233. 6 298014 329105 720 7048 28850 1011 171 25008
234. 6 329216 341807 465 1173 8514 720 2174 6892
235. 6 340452 354612 720 3 3292 1049 1 14911
236. 6 349435 366422 1049 10113 23936 1004 56319 68666
237. 6 367581 411169 1004 28417 56209 1049 24176 48040
238. 6 413769 435847 1030 25103 40270 1007 1882 6994
239. 6 421415 444785 1030 18508 39150 668 13412 15562
240. 6 448632 454382 1027 3171 7955 623 803 4642
241. 6 458057 474505 710 47271 64675 127 3 556
242. 6 476215 503595 654 617 27547 677 50086 58065
243. 6 502183 539587 654 26039 58191 697 19763 37982
244. 6 543553 561201 1002 15938 26082 1056 155581 162502
245. 6 564252 609551 1056 108455 151732 1002 1 15530
246. 6 614795 625047 1056 99770 106896 675 56681 66863
247. 6 636959 642962 604 18638 22579 1060 88912 91021
248. 6 678895 706300 714 36854 67799 1036 9698 30087
249. 6 707303 714919 1061 145548 149850 1029 26269 29784
250. 6 720212 730092 2002 87138 92538 701 64525 72579
251. 6 734202 757939 1027 29385 37759 710 75725 96757
252. 6 761942 770582 1027 20750 26375 710 41409 46750
253. 6 773305 789067 604 1680 7351 1025 4025 14049
254. 6 789841 794209 710 70944 74963 1027 38332 40596
255. 6 795844 820030 1040 746 10938 721 209354 235573
256. 6 819416 846399 721 194666 210130 1041 2 12299
257. 6 861537 884691 712 44363 57803 687 40346 60509
258. 6 886549 900873 712 30906 42086 687 36298 39115
259. 6 900067 927680 687 23811 36155 712 17789 31700
260. 6 931305 937750 712 6513 15036 687 10530 22841
261. 6 938918 978681 1059 26683 56526 702 94997 112853
262. 6 976450 987801 702 110592 115872 1059 12012 18222
263. 6 995054 1004574 716 985 7415 676 29051 33944
264. 6 1004068 1025042 676 33393 48931 712 113110 130532
265. 6 1086069 1102524 608 559 18431 709 37922 44243
266. 6 1133761 1168551 714 68274 89772 1036 30820 48300
267. 6 1168935 1175672 1059 156706 163400 660 22969 24409
268. 6 1176836 1220185 673 32657 56746 695 30144 57301
269. 6 1213211 1222229 695 27863 39095 673 19522 21441
270. 6 1232170 1235884 626 383 3950 1051 133733 137487
271. 6 1239910 1248494 497 377 3971 1051 128600 133155
272. 6 1270007 1274098 641 39213 42471 660 19276 21726
273. 6 1274600 1297204 575 1695 17612 648 19150 22938
274. 6 1298388 1314426 648 23808 34389 1022 56678 61531
275. 6 1312365 1323070 1022 51309 58741 697 86011 89551
276. 6 1337669 1346091 668 16222 24517 1030 7749 9970
277. 6 1346672 1352862 1061 170503 174228 1029 40701 42842
278. 6 1351979 1377209 1061 150655 171295 1029 31147 36993
279. 6 1377891 1411239 1051 25056 41921 696 1667 19511
280. 6 1413245 1425907 676 49297 54930 712 98044 112378
281. 6 1427498 1461709 1051 52869 69439 1052 6043 29903
282. 6 1485413 1508126 1030 63481 73697 683 43671 61125
283. 6 1525293 1532307 628 1564 7741 518 4474 7565
284. 6 1536859 1543410 697 4184 8896 1056 33452 35820
285. 6 1552950 1579764 634 21685 36817 689 1 17884
286. 6 1622021 1642636 1058 52041 71054 542 2623 5062
287. 6 1683945 1714988 1058 4538 28475 587 6918 26570
288. 6 1735187 1797048 1044 6839 54360 1020 20975 52010
289. 7 30730 86532 1046 11232 44697 2001 5291 20678
290. 7 88378 96718 2001 20855 27392 1041 39547 45250
291. 7 108309 116618 672 59221 62323 1055 75659 78855
292. 7 115002 131872 672 49407 60087 1055 57791 69466
293. 7 132225 154170 510 1 13048 1014 140769 148274
294. 7 154711 201278 1014 150066 168586 672 1 24283
295. 7 201829 234269 721 95321 110447 567 12138 24161
296. 7 236332 245278 568 1056 12170 721 110845 117197
297. 7 254636 284703 630 2368 24421 629 13663 24797
298. 7 287284 294793 696 47514 53992 1051 245 2799
299. 7 295808 311583 2003 113146 127639 1042 74070 77352
300. 7 302055 318561 2003 109379 124463 635 36068 39102
301. 7 321080 331645 1038 110478 115503 1061 6849 16541
302. 7 328838 363485 1061 13590 36082 1038 118409 139615
303. 7 365960 382857 682 58632 71573 1061 2 4368
304. 7 377256 399819 682 54354 64208 506 2070 14091
305. 7 392348 453661 682 18149 58226 600 16759 28555
306. 7 453737 485030 679 1346 19608 682 590 16562
307. 7 477659 518830 679 11372 38817 596 4697 27652
308. 7 553165 557142 709 122702 125390 625 3931 5675
309. 7 577092 593029 1040 189639 192221 489 1464 12060
310. 7 619357 627400 527 6317 10966 621 26640 32171
311. 7 636046 652184 604 10724 18192 1025 14364 23175
312. 7 654197 681384 1029 37317 39223 1061 174454 190610
313. 7 667533 692418 1061 177334 201417 1029 51858 55884
314. 7 723091 734388 602 388 5470 1039 3 6317
315. 7 745412 754920 639 8418 10880 668 7181 13130
316. 7 756961 768213 2003 141368 146582 1042 51684 56761
317. 7 802679 809735 1038 142413 147905 1061 37496 40599
318. 7 814468 834366 1038 80780 89151 1039 79530 94276
319. 7 837181 852096 566 11667 23042 1038 89437 97184
320. 7 869459 971500 1039 16703 79345 1038 34393 80552
321. 7 972450 988900 576 12608 24727 1038 21018 33836
322. 7 996952 1024127 555 1 19715 528 7793 15159
323. 7 1024389 1040611 459 193 6882 1038 915 12964
324. 7 1041277 1052246 576 2 6873 1038 13644 19058
325. 7 1052581 1070841 1022 39741 50162 702 35867 45084
326. 7 1071485 1090244 721 167404 182967 679 39172 45318
327. 7 1090641 1114420 679 52908 65109 721 150247 166949
328. 7 1118039 1144005 721 21969 41602 664 1982 17412
329. 7 1144530 1160485 700 5627 13610 721 2 9479
330. 7 1162391 1184849 605 560 9387 700 14314 30405
331. 7 1208210 1211711 614 299 1494 673 17500 19378
332. 7 1223989 1240363 1046 938 8853 1063 9167 22878
333. 7 1236207 1247073 1063 825 13294 1050 47168 50112
334. 7 1271405 1289154 1017 12456 24677 1018 16318 30784
335. 7 1289647 1303861 1059 100285 110125 1057 2093 13873
336. 7 1305647 1317583 1032 26516 33343 620 1 4681
337. 7 1313736 1325289 1032 29786 37119 342 1 1752
338. 7 1330671 1336027 1031 4012 9721 617 12690 16582
339. 7 1359353 1377079 666 47988 63890 697 40295 45161
340. 7 1379849 1400962 646 33372 42674 686 2592 12505
341. 7 1399540 1411167 646 29010 34924 584 5800 12224
342. 7 1411385 1425761 1014 118854 128141 1043 31778 41868
343. 7 1451816 1464154 716 93754 99021 589 1342 9955
