>Klactis$
1. 1 2 3 4 5 6 7 8 9 10 11 12 13 14 15 16 17 18 19 20 21 22 23 24 25 26 27 28 29 30 31 $
2. 32 33 34 35 36 37 38 39 40 41 42 43 44 45 46 47 48 49 50 51 52 53 54 55 56 57 58 59 60 61 62 63 $
3. 64 65 66 67 68 69 70 71 72 73 74 75 76 77 78 79 80 81 82 83 84 85 86 87 88 89 90 91 92 93 94 95 96 97 98 99 100 101 102 103 104 105 106 $
4. 107 108 109 110 111 112 113 114 115 116 117 118 119 120 121 122 123 124 125 126 127 128 129 130 131 132 133 134 135 136 137 138 139 140 141 142 143 144 145 $
5. 146 147 148 149 150 151 152 153 154 155 156 157 158 159 160 161 162 163 164 165 166 167 168 169 170 171 172 173 174 175 176 177 178 179 180 181 182 183 184 185 186 187 188 189 190 191 192 193 194 195 196 197 198 199 200 201 202 203 204 205 206 $
6. 207 208 209 210 211 212 213 214 215 216 217 218 219 220 221 222 223 224 225 226 227 228 229 230 231 232 233 234 235 236 237 238 239 240 241 242 243 244 245 246 247 248 249 250 251 252 253 254 255 256 257 258 259 260 261 262 263 264 265 266 267 268 269 270 271 272 273 274 275 276 $

>Sbayanus$
420. -177 $
436. 33 $
445. -256 $
447. -267 $
451. -262 $
454. 217 $
457. 227 $
458. 89 $
459. -142 $
461. 99 $
462. 148 $
463. 42 $
467. -245 $
470. 27 $
474. -154 $
475. 53 $
477. 103 $
480. 259 $
481. 258 $
482. 108 $
484. -133 $
485. 68 $
486. -237 $
487. -266 $
489. -267 $
490. 237 $
491. -273 $
494. 118 $
495. -154 $
496. -92 $
497. -100 $
500. 203 $
501. -221 $
502. -74 $
503. 255 $
504. 194 -67 $
505. -95 $
507. -105 $
508. 271 $
512. -120 $
513. 272 $
514. -204 -268 $
516. 242 243 $
518. 180 $
519. -49 $
520. -210 -209 $
521. 50 128 $
522. -141 $
523. -187 -186 $
524. -26 -25 $
525. 98 88 $
527. 155 156 $
528. -141 $
529. -32 $
530. -151 $
532. -44 $
533. 145 $
534. 172 -31 -264 $
535. 121 -261 $
536. -134 -56 138 $
537. 133 $
538. -144 $
539. 215 $
540. -268 $
541. -188 $
542. -187 $
543. -110 $
544. -48 -61 -270 $
545. 46 47 $
546. 180 $
548. -248 -15 -14 $
549. -80 -152 $
550. 269 $
551. -129 229 $
552. 198 199 $
554. 177 -269 $
555. -6 21 -112 $
556. 244 $
557. -192 226 227 $
558. -38 $
559. -59 -176 $
560. 130 -104 220 -243 $
561. 222 169 170 -179 $
562. 215 $
563. 117 -212 -211 $
565. 62 -8 41 $
566. -246 $
568. 1 $
569. -64 $
570. -262 $
571. -140 252 $
572. 98 88 $
573. 14 $
574. 259 260 $
575. 20 -250 -249 $
576. -175 -174 $
577. 22 139 $
578. -167 -168 $
579. -63 $
580. -199 -198 -197 150 $
581. -159 -126 -39 $
583. -210 -209 -76 -75 $
585. 77 35 114 -193 $
586. -241 -124 -171 $
587. 152 80 -7 260 $
588. -275 -274 -273 $
589. 10 97 -233 $
590. 106 23 12 $
591. 257 258 -252 140 $
592. 130 -104 220 $
593. 60 -214 -244 $
594. -190 -189 166 $
595. -226 138 -211 $
596. 142 143 -11 $
597. 111 $
598. 135 136 139 $
599. -182 -71 -181 -13 $
600. -175 $
602. 146 $
603. -240 143 -11 242 $
604. 125 -79 109 $
605. 146 $
606. 22 $
607. 69 70 71 72 $
609. 217 -167 168 -155 3 $
610. -73 $
611. 185 186 -44 $
612. -158 -37 -201 $
613. 47 62 -70 -8 41 42 43 $
614. 230 -231 -29 78 $
615. 238 -119 -118 $
616. 159 195 $
617. -157 -52 40 $
618. 194 -222 -221 99 100 $
619. 105 28 $
620. -151 -150 197 -266 95 96 $
621. 127 2 3 4 $
622. 212 -117 $
623. -65 -64 $
624. 190 -111 245 $
625. -162 -161 $
627. 96 -90 -165 -219 216 $
628. 127 2 $
629. -116 -234 $
630. 89 247 -200 184 128 129 $
631. 65 66 67 92 74 18 $
632. 205 206 $
633. -276 -84 -83 -86 156 -276 -84 $
634. -29 178 $
635. 119 -238 -87 -82 -81 $
636. 54 55 -137 232 101 102 123 $
637. -122 -132 -131 51 136 -107 $
638. 108 -78 -164 -93 $
639. 43 106 -76 -75 $
640. 1 $
641. 149 -196 163 19 $
642. -46 -101 -232 137 -55 -54 -53 $
643. 125 39 40 $
644. 24 -38 28 $
645. 4 126 56 134 135 -30 $
646. 264 -241 -124 -171 31 -172 263 -183 $
648. 16 17 45 -15 $
650. 185 -12 -174 -58 $
651. 81 82 224 225 -51 131 132 122 103 $
652. -189 166 -191 -272 -271 93 164 -275 -274 $
653. 263 -183 -182 -181 -13 24 $
654. 52 157 $
655. 169 240 -115 -225 -224 -223 -85 -228 -236 $
656. -7 -6 -5 32 33 -153 $
657. 214 -60 -59 -176 -251 -201 -229 148 $
658. 34 35 114 -193 -192 87 $
659. 149 -196 163 19 $
660. -218 -254 253 239 -173 -147 91 $
661. -178 -161 -160 -57 $
662. -158 -37 -36 -113 -112 $
663. 113 36 17 45 $
664. -208 -207 9 94 -265 213 $
665. -216 219 165 90 $
666. -68 -223 -85 -228 -236 $
667. -204 120 121 -261 144 145 $
668. -191 -153 -18 -184 200 -247 248 249 250 -20 $
669. -23 -231 -230 -10 $
670. -202 21 63 -160 72 $
671. -27 -26 -25 -79 109 110 -97 -233 270 61 48 $
672. -246 -251 234 116 255 256 257 $
673. -208 -207 9 94 -265 213 $
674. 170 -179 34 235 $
675. 66 115 -30 -16 -73 $
676. -203 -202 -5 107 -69 $
677. -91 147 173 162 -195 86 83 $
678. -235 -77 205 206 50 -188 102 123 49 57 58 239 253 254 218 $


# markers coordinates
1. 1 29717 60105 640 44488 67230 568 17123 30184
2. 1 67685 110648 621 23790 54137 628 10727 21466
3. 1 104687 129287 621 49378 65513 609 48521 59779
4. 1 128139 135920 621 64257 67490 645 1450 2713
5. 1 159689 189519 656 9895 29806 676 86047 94164
6. 1 186220 198510 656 4757 13223 555 3760 6723
7. 1 193623 212568 656 597 9610 587 39559 51600
8. 1 215305 241346 565 10667 20375 613 39937 48158
9. 1 297542 335322 664 29516 47493 673 76930 86467
10. 1 345818 371615 589 4501 16342 669 69485 82394
11. 1 374897 389165 596 56119 69664 603 43366 48127
12. 1 439349 453730 650 25402 32824 590 30681 36488
13. 1 454423 513349 653 75524 104489 599 29667 54887
14. 1 528976 540920 548 14522 23823 573 30903 36068
15. 1 547338 562730 648 72078 80737 548 5931 12197
16. 1 563147 577850 675 119355 124969 648 17348 26450
17. 1 568689 618004 648 19359 45052 663 42653 63298
18. 1 640536 646013 668 40215 42824 631 68934 71260
19. 1 646573 676808 659 68490 86385 641 64094 80987
20. 1 677067 710911 575 7286 25229 668 118186 133311
21. 1 711231 730312 670 37016 42535 555 10397 23374
22. 1 736461 750446 577 10745 15633 606 32470 39905
23. 1 763946 790467 669 14662 26809 590 14974 29538
24. 1 810967 835386 644 2706 19805 653 110080 116256
25. 1 835653 843938 671 27921 32184 524 18132 21576
26. 1 844245 865193 524 4316 16315 671 19752 27650
27. 1 862467 891850 671 8311 22426 470 1745 9505
28. 1 896931 903597 644 50863 56844 619 36522 37951
29. 1 928563 952923 614 30344 47920 634 1847 11439
30. 1 978095 994158 645 91442 101570 675 110091 117859
31. 1 1014918 1025292 534 9407 12749 646 69241 71672
32. 2 72528 130988 529 6767 26699 656 42185 81370
33. 2 106220 158455 656 61508 97731 436 530 3906
34. 2 159037 199157 658 5882 27109 674 150330 173946
35. 2 199514 217747 585 16976 24261 658 29383 39483
36. 2 219931 257275 663 16855 40677 662 58639 74976
37. 2 250482 304733 662 33799 65203 612 27819 46859
38. 2 326871 388480 644 22181 49967 558 446 29139
39. 2 395811 415888 581 29697 39945 643 39066 45641
40. 2 412600 483643 643 42116 89204 617 28727 52879
41. 2 507613 530222 613 51190 66225 565 23441 33947
42. 2 522241 542490 613 60685 71365 463 3845 6905
43. 2 534679 553622 613 66544 75367 639 1059 6092
44. 2 606694 623052 532 13259 25848 611 55496 57491
45. 2 623544 656828 663 66037 73224 648 45552 68615
46. 2 681163 695624 545 5197 16094 642 1010 6897
47. 2 703782 721240 613 3903 17551 545 24563 26479
48. 2 723299 746809 544 4311 15764 671 147211 153694
49. 2 783004 835415 678 197331 229563 519 1750 20952
50. 2 840160 873872 678 112858 130743 521 3286 8038
51. 2 895841 905954 651 62431 69988 637 30509 34901
52. 2 939675 950630 654 30670 39505 617 8302 10336
53. 2 951111 978972 642 98281 110856 475 1372 11901
54. 2 976252 989360 642 95236 101078 636 2741 10550
55. 2 989629 1002427 636 12500 15499 642 87536 94942
56. 2 1013848 1029105 645 35740 47491 536 9892 14062
57. 2 1043344 1065621 678 239162 255618 661 112733 122665
58. 2 1065991 1083366 650 85295 98776 678 255782 261703
59. 2 1084129 1114476 559 1482 22712 657 21976 40530
60. 2 1116729 1126543 593 943 7716 657 10007 13169
61. 2 1131377 1145763 671 136896 144699 544 17616 23360
62. 2 1149114 1160833 565 806 5631 613 18194 24239
63. 2 1222276 1269626 670 63813 82522 579 15795 38156
64. 3 24124 76575 623 7216 38628 569 210 15326
65. 3 75286 87029 623 599 8607 631 1496 7763
66. 3 85863 138188 631 6636 28814 675 173 30478
67. 3 139887 162898 631 29644 37826 504 12071 24598
68. 3 172317 182686 666 23815 30653 485 7161 10064
69. 3 192607 213882 676 113715 117390 607 659 18000
70. 3 208462 221432 607 12456 18993 613 32742 38761
71. 3 227814 246508 607 20778 34370 599 12155 17499
72. 3 250633 276817 607 38618 61541 670 117017 119754
73. 3 296848 327553 610 5969 14133 675 135176 148174
74. 3 330900 342000 631 57675 63036 502 8312 13905
75. 3 427221 444062 639 86394 99023 583 39719 45671
76. 3 461375 479665 639 73217 85083 583 30225 34503
77. 3 490633 515991 678 17577 34206 585 1637 12785
78. 3 520079 542535 614 57518 67274 638 21231 35352
79. 3 550683 564482 671 32391 39582 604 27245 34048
80. 3 566371 595695 587 18453 24348 549 6117 23511
81. 3 596252 644847 651 2484 34908 635 87934 101131
82. 3 646269 662187 651 36766 39529 635 71313 84389
83. 3 662466 725100 677 171673 211028 633 10657 43319
84. 3 724399 738101 633 7656 11418 633 78481 80618
85. 3 738306 799209 666 34393 74105 655 67765 90317
86. 3 801012 815795 677 166491 170811 633 43930 51980
87. 3 823980 868093 635 48949 71047 658 93921 117853
88. 3 872435 879078 525 11334 18897 572 16579 18074
89. 3 888123 925824 630 371 23419 458 346 9001
90. 3 971068 986999 627 28821 35422 665 87850 92354
91. 3 1006574 1028704 677 3967 14665 660 102782 117960
92. 3 1042861 1062944 496 7969 12323 631 38830 53849
93. 3 1065593 1089890 638 78431 89868 652 68298 85840
94. 3 1096922 1122846 664 47744 55947 673 86546 98485
95. 3 1126739 1164289 505 1685 14601 620 48948 71443
96. 3 1145919 1193938 620 54627 77649 627 3621 25388
97. 3 1245226 1257896 671 107673 114914 589 19835 22136
98. 3 1274520 1294602 572 6307 16357 525 2116 10658
99. 3 1305101 1320209 461 3320 7646 618 53858 59141
100. 3 1314304 1341058 618 56069 65797 497 174 16497
101. 3 1349181 1367839 636 67193 80475 642 16382 20274
102. 3 1365488 1383405 636 78187 83385 678 167919 180976
103. 3 1387763 1410417 651 96386 105763 477 1938 14321
104. 3 1448866 1465052 592 14632 23485 560 14486 19388
105. 3 1562996 1591629 619 1789 24024 507 16270 21105
106. 3 1605788 1630805 590 695 10663 639 20449 38723
107. 4 73422 96096 676 95289 112750 637 48796 52991
108. 4 101580 118395 638 15529 19868 482 2979 10543
109. 4 118965 145628 671 40132 56704 604 34439 43711
110. 4 146344 171015 671 57038 74877 543 6009 24243
111. 4 187364 206063 624 52299 65688 597 47275 57697
112. 4 212703 227251 662 96237 106058 555 25568 28053
113. 4 228564 251055 663 7350 14960 662 82469 94305
114. 4 263816 283448 585 24622 35026 658 40146 48549
115. 4 419435 433353 655 24146 26343 675 37080 49045
116. 4 441827 505442 672 74697 101293 629 10757 42687
117. 4 544437 561184 622 21075 25049 563 10313 14989
118. 4 565742 592529 494 945 16022 615 61544 67971
119. 4 595450 642525 635 2293 33528 615 35237 59004
120. 4 667841 701327 512 2036 13876 667 21913 49553
121. 4 700152 738918 667 48342 76684 535 3453 18624
122. 4 747666 753723 651 92202 95999 637 2800 4674
123. 4 760795 771084 678 183884 189462 636 86801 91802
124. 4 817452 830193 646 54509 60264 586 17137 22148
125. 4 861726 887839 643 4695 20834 604 11648 19225
126. 4 903967 927829 581 15990 29193 645 19979 28023
127. 4 973371 991099 621 8611 21463 628 5536 10292
128. 4 993485 1007136 521 15816 23236 630 76865 81461
129. 4 1015273 1037537 630 82003 92349 551 646 13283
130. 4 1045077 1061786 560 3755 11230 592 6463 14165
131. 4 1063576 1083843 637 21812 28748 651 73281 83230
132. 4 1086914 1109728 651 83539 91813 637 9045 21578
133. 4 1110164 1131984 484 2491 6200 537 9047 21308
134. 4 1153371 1167478 536 2319 9082 645 51525 57003
135. 4 1178179 1216283 645 62420 85951 598 3836 23476
136. 4 1211322 1221424 598 17133 24517 637 44911 48305
137. 4 1238190 1322697 636 16210 53939 642 30631 74718
138. 4 1325624 1336230 595 16356 21901 536 14629 18955
139. 4 1336727 1363732 598 36977 47182 577 25681 37033
140. 4 1384826 1399456 571 3738 16467 591 51501 57903
141. 4 1429676 1483069 522 6427 29560 528 6664 30495
142. 4 1529251 1548787 596 6097 20497 459 5697 9721
143. 4 1546370 1589332 596 18661 47003 603 19585 31504
144. 4 1590084 1618561 667 94464 113475 538 1652 15192
145. 4 1610589 1683015 667 107522 152960 533 605 13766
146. 5 37469 76093 602 26110 45567 605 7057 22294
147. 5 92292 119204 677 15118 29772 660 98260 102592
148. 5 139568 160627 657 110895 124410 462 1128 6613
149. 5 174481 205143 659 21511 32996 641 15755 30618
150. 5 205466 229377 580 45923 55394 620 8114 15589
151. 5 228652 253115 620 2578 8830 530 14973 24379
152. 5 284154 308568 549 23767 30914 587 796 18188
153. 5 309039 335921 668 16267 29011 656 104558 120133
154. 5 354700 365595 495 11187 17447 474 10066 12783
155. 5 378888 402642 527 6377 20301 609 37298 48061
156. 5 402193 410281 527 19885 22907 633 57237 60956
157. 5 423256 438168 617 5477 8193 654 40648 52000
158. 5 439551 489966 662 2304 31945 612 7084 27703
159. 5 511336 531294 616 240 8693 581 8975 14376
160. 5 534222 573293 670 84813 110189 661 92507 105139
161. 5 571704 617452 661 64528 94156 625 27264 54474
162. 5 609924 643074 625 11806 30587 677 89527 99499
163. 5 643888 682890 659 42295 61835 641 38799 58071
164. 5 684098 690515 652 86506 88321 638 72203 78025
165. 5 699154 716660 665 79330 85758 627 38542 45405
166. 5 718820 729026 594 28346 30556 652 15805 22609
167. 5 737811 758538 578 6132 17222 609 6956 18238
168. 5 766878 781831 609 20389 27116 578 18260 27245
169. 5 782800 789505 655 1714 4626 561 9592 13430
170. 5 789922 827517 674 118619 134242 561 13727 31969
171. 5 840647 859959 646 60654 66084 586 22731 29665
172. 5 861812 872172 646 74621 77774 534 5341 8658
173. 5 890157 915095 660 82859 97915 677 30703 44650
174. 5 932415 950994 650 39271 47866 576 32512 41175
175. 5 943825 968229 576 25209 38786 600 7479 14525
176. 5 1079451 1088158 559 23223 32256 657 43201 45026
177. 5 1177801 1184344 554 5404 9502 420 990 3122
178. 5 1231826 1273903 661 4129 22290 634 27164 41986
179. 5 1316238 1330381 674 134794 145698 561 32266 37052
180. 5 1331095 1349896 546 19744 29845 518 11748 18035
181. 5 1385802 1397786 653 66080 74773 599 18036 24255
182. 5 1397950 1425209 599 2444 11425 653 43325 62905
183. 5 1463917 1477821 653 10140 19963 646 87032 90697
184. 5 1479322 1503177 630 57637 74731 668 49150 62685
185. 5 1526177 1557319 650 1526 20002 611 19391 29396
186. 5 1551621 1570233 611 26919 34189 523 21151 27241
187. 5 1566673 1574901 523 16690 23757 542 26732 28356
188. 5 1575809 1596283 541 19396 28277 678 153946 165001
189. 5 1604192 1625701 652 1328 10323 594 8292 14487
190. 5 1621494 1631597 594 5782 11966 624 4549 7102
191. 5 1652892 1662238 668 5637 9899 652 25966 32205
192. 5 1670923 1687216 658 74816 83282 557 1975 10712
193. 5 1694566 1730318 658 50902 73482 585 41916 57274
194. 5 1750310 1759794 618 3823 7122 504 2932 7311
195. 5 1760800 1859456 677 103759 165072 616 9230 62774
196. 5 1870154 1884723 641 31396 38490 659 35478 42022
197. 5 1885338 1902105 580 36428 44489 620 18553 29010
198. 5 1900927 1922616 580 23322 37786 552 3693 11180
199. 5 1924493 1942279 580 13354 23100 552 13474 25074
200. 5 1943933 1952545 668 62873 69119 630 54517 57146
201. 5 1954118 1969744 612 53934 60839 657 88163 94835
202. 5 1973522 2017968 676 38655 67170 670 1461 24222
203. 5 2014172 2032954 676 33211 41902 500 1996 7950
204. 5 2037327 2046779 667 4344 6442 514 3762 8865
205. 5 2051146 2063543 678 46617 50785 632 5945 13885
206. 5 2065845 2189949 678 51629 108796 632 14196 92345
207. 6 17067 22511 664 25871 29379 673 65050 66844
208. 6 20124 46690 664 18158 28549 673 52352 58823
209. 6 60425 95305 520 10517 24578 583 7608 21792
210. 6 89152 108683 520 3163 11551 583 2654 9464
211. 6 144356 166530 563 22910 36299 595 32334 38142
212. 6 165000 188266 563 18094 24152 622 4788 17551
213. 6 208858 231302 673 129582 146056 664 65711 72919
214. 6 271837 279586 657 3088 6279 593 12920 18141
215. 6 280155 290815 562 16156 20801 539 4454 9850
216. 6 311639 375858 627 62788 98728 665 2475 35758
217. 6 383428 390244 454 1164 3733 609 919 3162
218. 6 397611 421052 678 336471 349381 660 6330 23822
219. 6 421860 468029 665 43930 78298 627 47336 59277
220. 6 478044 503753 592 41578 52130 560 31336 33773
221. 6 506007 552991 618 13766 44616 501 1062 14408
222. 6 548033 567054 618 7451 17118 561 3333 8909
223. 6 571896 579571 666 30856 34127 655 63368 65321
224. 6 578912 605622 655 44864 64021 651 40505 48104
225. 6 608680 628569 651 49223 61312 655 37420 44737
226. 6 633167 651509 595 726 11229 557 14944 24475
227. 6 650475 657959 557 23423 26167 457 730 3543
228. 6 658475 673094 666 78910 85333 655 93237 99685
229. 6 690795 696101 551 18690 20175 657 100883 103013
230. 6 720246 743643 669 43525 55268 614 2553 10065
231. 6 742468 757231 669 38832 44712 614 15396 22893
232. 6 761965 777572 636 54368 66669 642 20514 26354
233. 6 790859 817837 671 119404 128083 589 28929 46198
234. 6 818541 835637 629 49245 55849 672 65059 74266
235. 6 875250 906080 674 175723 185242 678 638 16859
236. 6 944501 957400 666 85672 92982 655 99949 103330
237. 6 966736 990626 486 812 13143 490 1810 11100
238. 6 1026129 1057103 615 16406 32250 635 35115 45443
239. 6 1082975 1092494 678 293312 299306 660 51581 54928
240. 6 1125630 1138855 603 6390 10608 655 9051 15180
241. 6 1187526 1200210 586 6543 15593 646 50223 53531
242. 6 1201353 1223633 516 63 18916 603 50042 52733
243. 6 1213540 1235272 516 10562 22358 560 34719 42378
244. 6 1247633 1269082 593 25721 46060 556 25632 35688
245. 6 1284278 1292228 467 337 3929 624 70361 74311
246. 6 1428408 1439133 566 1355 7148 672 2431 5935
247. 6 1475341 1487257 630 43954 50582 668 73530 78614
248. 6 1492435 1499645 668 85600 89091 548 899 3881
249. 6 1498362 1527770 668 87853 110648 575 34821 42277
250. 6 1523895 1538124 668 106960 115746 575 26342 31982
251. 6 1566668 1631586 657 46998 86087 672 13192 43175
252. 6 1637803 1649127 571 33955 38564 591 36453 37537
253. 6 1693928 1714201 678 311604 326114 660 39598 48088
254. 6 1709034 1727515 678 319911 335885 660 29353 32237
255. 6 1734636 1792211 503 736 19677 672 113658 143056
256. 6 1789536 1807057 672 140375 148902 445 3340 6023
257. 6 1803008 1838983 672 144535 164964 591 1303 17250
258. 6 1854593 1864258 481 2498 11079 591 18462 24196
259. 6 1874062 1886372 574 12965 19921 480 2304 7084
260. 6 1883230 1904429 574 16647 34504 587 56476 65558
261. 6 1946043 1959895 667 77414 87091 535 19031 23160
262. 6 2005981 2022922 570 11527 14044 451 1931 6817
263. 6 2039116 2049586 646 80104 86687 653 1432 8928
264. 6 2102745 2116930 646 20441 32409 534 14466 20032
265. 6 2165407 2200066 673 99071 128794 664 57752 65417
266. 6 2207441 2224680 487 4801 12815 620 29297 38350
267. 6 2232014 2247916 489 2852 16264 447 1354 4610
268. 6 2259017 2278330 540 16595 32344 514 13418 19151
269. 6 2292807 2307848 554 22560 34100 550 24734 27138
270. 6 2308342 2332845 671 128343 136702 544 23771 31363
271. 6 2361279 2370501 652 49588 53614 508 15053 18829
272. 6 2367737 2394126 652 35283 52717 513 3230 11551
273. 6 2409591 2421810 491 7966 14942 588 46978 52915
274. 6 2443630 2475452 588 8430 36175 652 100321 115848
275. 6 2472250 2488888 588 2047 11320 652 88952 98160
276. 6 2541110 2553404 633 1191 6471 633 67507 72366
