>Klactis$
1. 1 2 3 4 5 6 7 8 9 10 11 12 13 14 15 16 17 18 19 20 21 22 23 24 25 26 $
2. 27 28 29 30 31 32 33 34 35 36 37 38 39 40 41 42 43 44 45 46 47 48 49 50 51 52 53 54 55 56 57 58 $
3. 59 60 61 62 63 64 65 66 67 68 69 70 71 72 73 74 75 76 77 78 79 80 81 82 83 84 85 86 87 88 89 90 91 92 93 94 95 96 97 98 99 100 101 102 103 104 105 $
4. 106 107 108 109 110 111 112 113 114 115 116 117 118 119 120 121 122 123 124 125 126 127 128 129 130 131 132 133 134 135 136 137 138 139 140 141 142 143 144 145 146 147 148 149 150 151 152 $
5. 153 154 155 156 157 158 159 160 161 162 163 164 165 166 167 168 169 170 171 172 173 174 175 176 177 178 179 180 181 182 183 184 185 186 187 188 189 190 191 192 193 194 195 196 197 198 199 200 201 202 203 204 205 206 207 208 209 210 211 212 213 214 215 $
6. 216 217 218 219 220 221 222 223 224 225 226 227 228 229 230 231 232 233 234 235 236 237 238 239 240 241 242 243 244 245 246 247 248 249 250 251 252 253 254 255 256 257 258 259 260 261 262 263 264 265 266 267 268 269 270 271 272 273 274 275 276 277 278 279 280 281 282 283 284 285 286 287 288 289 290 291 $

>Kpolysporus$
1000. -24 33 $
1001. 34 112 113 30 $
1002. 31 285 286 134 101 28 29 114 -201 233 234 244 -88 -173 $
1003. -227 225 226 -175 -174 176 $
1004. -178 27 -86 $
1005. -85 -97 188 $
1006. 140 -41 $
1007. -131 $
1008. -129 45 18 $
1009. 67 68 69 -79 $
1010. -240 -239 168 -179 -195 -194 -12 -66 $
1011. 123 -283 $
1012. -209 122 -246 $
1013. -245 119 -84 -291 -290 -17 -164 -45 129 -167 $
1014. 112 -170 206 -156 151 $
1015. 152 $
1016. -157 207 -273 253 254 111 $
1017. 161 163 $
1018. 231 232 133 200 55 -160 261 204 205 -169 -18 -139 -138 238 187 51 52 48 58 $
1019. -288 228 229 $
1020. 230 -190 -16 -15 -172 -171 88 -95 $
1023. -118 72 264 97 85 86 160 -27 48 $
1024. 33 -148 -147 -146 -212 -211 $
1025. 264 105 19 -10 181 $
1026. 182 -103 $
1027. 221 $
1028. 243 235 80 -60 81 231 -96 -23 -167 53 $
1029. -279 94 95 $
1030. -149 -148 -147 53 -203 -202 $
1031. -208 193 273 -9 250 98 99 -131 -130 $
1032. 107 108 282 -191 -180 -154 89 104 -181 10 -236 155 -186 -185 $
1033. 87 -79 269 201 -114 52 $
1035. -270 -222 219 220 241 117 $
1036. 36 198 115 197 -233 143 144 145 146 $
1037. 64 65 66 72 108 -271 115 -36 $
1038. 156 -206 $
1039. 170 -173 -227 225 175 -226 -174 40 41 47 $
1040. 223 8 237 $
1041. 124 125 126 -263 $
1042. -271 -270 -54 $
1043. 251 -236 155 -177 -176 149 -189 -1 $
1044. 237 265 -125 -240 $
1045. -239 169 -205 64 65 197 -107 $
1046. -263 $
1048. 26 -281 -217 -215 -214 -213 -212 -248 $
1049. -7 216 $
1050. -4 -195 -194 -12 -11 -47 -46 164 $
1051. -182 -87 185 $
1052. -266 267 113 247 $
1053. 90 63 -198 $
1054. -90 126 -272 151 57 58 $
1055. 196 -274 -56 -154 89 30 31 32 165 $
1056. 284 -57 210 -25 -56 -55 $
1057. -199 $
1058. -118 -117 -241 283 -123 -192 252 $
1059. -17 262 -121 -255 $
1060. -224 232 133 134 101 179 -275 -13 $
1061. 276 209 19 25 247 $
1062. 11 -158 -157 207 105 $
1063. -162 -142 $
1064. -92 -91 -83 -75 150 $
1065. 29 -278 -266 42 39 49 50 $
1066. 99 -222 219 220 221 -190 -16 $
1067. 20 21 22 -210 $
1069. -109 110 183 -277 $
1070. 153 -162 $
1071. -223 $
1072. 83 84 -119 245 246 -122 -121 -120 -218 -280 $
1073. 199 287 288 289 $
1074. -214 $
1075. 104 $
1076. -172 -15 $
147. -77 $
154. -44 $
167. 171 $
181. 91 $
182. 141 $
185. -291 $
191. -106 $
193. 130 $
197. -92 $
2000. 144 -230 -229 -61 -60 -59 $
2001. 13 -37 -14 -62 -228 102 -132 -1 $
2002. 59 61 62 14 37 255 256 257 -249 $
209. -135 $
218. 6 $
223. -242 $
228. 28 $
237. 73 $
242. -215 $
251. 267 $
259. -78 $
262. 289 290 $
264. -50 $
265. 24 $
269. 98 $
282. -111 $
284. 238 $
286. 5 $
289. -81 $
295. -277 $
297. 187 51 $
298. 20 $
303. -260 $
309. -128 $
312. -137 $
316. 8 $
325. -80 -235 -243 $
328. -136 $
337. -38 $
339. 188 $
340. 150 $
344. 178 143 $
345. 74 $
348. -200 -286 $
354. 192 $
359. -140 -139 $
361. -184 $
363. -6 -5 $
364. -135 $
365. 196 -274 $
367. 93 -278 $
370. -262 $
376. -49 -39 -42 $
380. -285 -2 $
385. -276 -35 $
387. 82 76 $
388. 153 $
392. -268 $
397. -213 -145 $
400. -272 $
401. 141 142 $
411. 82 76 77 78 $
413. -75 $
414. 103 -166 $
423. 4 $
431. 251 $
440. 158 159 $
448. 193 $
449. 106 $
455. -128 $
457. -43 211 -116 $
460. -3 -284 $
461. -71 -287 $
463. -254 -253 $
467. -252 $
472. 38 54 $
473. 138 -258 259 260 $
478. 265 256 -70 $
479. 217 218 203 204 282 -191 $
480. 161 163 -124 $
483. -166 -165 -32 $
487. -116 -248 $
489. 189 -261 $
495. 74 -63 $
499. 35 -137 -136 $
505. -94 279 280 281 -26 -46 $
507. 2 3 $
513. -44 -43 21 22 23 96 224 $
520. 168 34 $
526. -100 -180 -258 259 $
529. -250 9 152 $
530. 208 -120 -202 132 -102 -70 -69 $
534. 177 127 234 244 -242 -71 257 -249 $
538. 100 127 40 -275 -93 -7 216 $
541. -184 -183 -110 109 73 $
543. 159 67 68 268 269 -186 $


# markers coordinates
1. 1 33084 65971 1043 141962 170761 2001 199741 213111
2. 1 67685 79208 507 51597 59285 380 8594 13090
3. 1 80886 117769 460 707 37949 507 60204 72543
4. 1 124161 148916 423 928 16748 1050 53377 68252
5. 1 173617 198510 286 1263 15355 363 3610 20512
6. 1 197863 212568 363 438 4257 218 238 9284
7. 1 297542 335322 1049 504 19162 538 76677 97352
8. 1 344642 371615 1040 26593 37472 316 395 22436
9. 1 374897 385485 529 37171 44385 1031 117935 127926
10. 1 427861 448787 1025 104879 115519 1032 135795 143825
11. 1 454423 497507 1062 5124 18512 1050 167894 194123
12. 1 495847 513349 1050 157470 170321 1010 157290 162735
13. 1 528976 559341 1060 121887 140631 2001 19755 46518
14. 1 563147 618004 2002 131455 166467 2001 87817 125300
15. 1 651863 660579 1020 46858 58489 1076 16733 20514
16. 1 660082 676808 1020 38564 47427 1066 67402 79428
17. 1 711231 726026 1013 65156 72393 1059 12992 22848
18. 1 736461 752168 1008 47628 57761 1018 319057 336256
19. 1 767756 800781 1061 95721 119819 1025 87753 103271
20. 1 810967 827106 1067 2503 13866 298 667 5314
21. 1 825574 843938 1067 12274 23985 513 32164 40726
22. 1 844245 863876 1067 25860 35524 513 41334 57811
23. 1 865422 891850 1028 157738 174173 513 58002 67244
24. 1 896931 903597 265 9842 15392 1000 31026 35709
25. 1 978095 994158 1056 61031 74489 1061 135464 139578
26. 1 994478 1013991 505 66166 83027 1048 21180 28662
27. 2 59965 158455 1004 54983 119670 1023 155860 223640
28. 2 159037 201175 1002 100591 134028 228 611 10926
29. 2 201752 217747 1065 1111 5575 1002 135310 147875
30. 2 219931 263420 1001 78022 83542 1055 128379 178793
31. 2 262455 277343 1055 177843 188926 1002 2576 9872
32. 2 278510 304733 483 48185 56576 1055 195253 209172
33. 2 334364 373307 1000 41665 64886 1024 16056 28999
34. 2 409720 500990 520 54060 109921 1001 8057 60233
35. 2 522241 548259 499 30272 47899 385 14827 31772
36. 2 588821 614116 1036 12112 23716 1037 136897 146801
37. 2 623544 658829 2002 166928 188140 2001 50952 86761
38. 2 681163 715108 472 6042 39296 337 5007 13519
39. 2 749520 757571 1065 56838 61104 376 15315 20083
40. 2 781251 796331 1039 142499 160857 538 31742 36124
41. 2 800238 812574 1006 22512 34680 1039 162499 165646
42. 2 817377 835415 376 21090 31359 1065 46754 56441
43. 2 840160 857839 513 12480 29806 457 2325 7023
44. 2 859162 875621 513 79 11942 154 432 3156
45. 2 921743 946434 1013 99135 122659 1008 29788 38187
46. 2 955948 978972 505 83512 92671 1050 221828 237718
47. 2 966275 1002427 1050 205263 233930 1039 193282 200726
48. 2 1030050 1038522 1018 435583 442460 1023 250712 253141
49. 2 1043344 1056469 1065 65735 74617 376 175 7767
50. 2 1056994 1082277 264 451 19198 1065 74947 86114
51. 2 1084129 1107159 297 11648 23991 1018 398528 410779
52. 2 1105330 1126543 1018 408890 427070 1033 136243 155303
53. 2 1131377 1145763 1028 228851 233224 1030 46340 59700
54. 2 1146006 1160833 1042 34979 47261 472 43361 47746
55. 2 1162142 1190830 1056 84006 112419 1018 145310 161730
56. 2 1186427 1200366 1056 82449 88406 1055 53408 60243
57. 2 1204147 1219598 1054 113304 123423 1056 36274 43744
58. 2 1222276 1269626 1054 124114 151013 1018 448471 476579
59. 3 24124 153592 2002 3611 103474 2000 181752 242520
60. 3 157410 279804 2000 50968 180918 1028 116048 123386
61. 3 279869 299328 2002 103569 107146 2000 33256 41557
62. 3 296848 330481 2002 104741 116886 2001 135522 171377
63. 3 330900 345969 495 74917 79222 1053 45435 59596
64. 3 353385 374447 1045 101542 119804 1037 2152 7414
65. 3 372753 389031 1037 5813 18273 1045 122763 129919
66. 3 384198 402428 1037 12601 19649 1010 163454 175481
67. 3 430441 444062 1009 16801 23611 543 43627 51681
68. 3 462684 471111 543 56478 58354 1009 23990 31247
69. 3 465845 479665 1009 25508 36935 530 111311 120555
70. 3 486863 502178 530 99192 110478 478 61375 64656
71. 3 502744 517720 461 3232 15740 534 119649 128137
72. 3 524768 550045 1037 26014 52533 1023 45704 54024
73. 3 552493 565322 237 188 8357 541 48048 51128
74. 3 573595 583596 495 21433 23654 345 20870 27737
75. 3 596252 647555 1064 68647 92634 413 1849 40170
76. 3 662466 674925 387 24504 31574 411 12247 18917
77. 3 676715 688165 147 35 4352 411 19085 21763
78. 3 688312 708457 259 2949 16458 411 22692 36253
79. 3 724399 738101 1009 50805 59859 1033 19132 31206
80. 3 738306 770776 325 1290 9237 1028 89587 115623
81. 3 771719 796059 289 8252 16685 1028 123535 133983
82. 3 799820 815795 411 4473 11686 387 7794 21981
83. 3 823980 845979 1064 30451 50195 1072 3583 7157
84. 3 845329 871973 1072 6129 17726 1013 16838 35497
85. 3 872435 886032 1023 81883 99557 1005 456 5574
86. 3 888123 926574 1004 136693 162700 1023 102228 125525
87. 3 945689 958491 1051 20508 32842 1033 6251 12930
88. 3 971068 986999 1002 297878 300503 1020 75767 90708
89. 3 1006574 1028704 1032 92242 103011 1055 92636 115052
90. 3 1042861 1062944 1054 4365 20159 1053 36161 42818
91. 3 1063093 1079551 181 1914 6709 1064 17443 30123
92. 3 1071642 1089890 1064 12058 26815 197 1862 6837
93. 3 1096922 1110593 538 68774 76289 367 892 13689
94. 3 1123917 1144835 505 572 23898 1029 9420 19830
95. 3 1143660 1183975 1029 18733 37763 1020 93433 127353
96. 3 1198406 1226402 513 67798 81683 1028 140309 156452
97. 3 1284151 1294602 1005 6146 9846 1023 73173 81022
98. 3 1305101 1324417 269 14433 18466 1031 140048 152790
99. 3 1311550 1338997 1031 141810 160157 1066 1 9515
100. 3 1356426 1383405 538 3870 16218 526 18362 37136
101. 3 1383929 1413160 1060 78290 85725 1002 66428 96253
102. 3 1448866 1465052 530 86462 98945 2001 185153 193815
103. 3 1504341 1521394 1026 64338 74242 414 6958 13925
104. 3 1553322 1586201 1032 111076 124707 1075 1 20494
105. 3 1592949 1636387 1025 62202 81187 1062 75278 117484
106. 4 44879 69450 191 2186 7710 449 39413 46824
107. 4 69839 100161 1045 167094 195316 1032 1049 15192
108. 4 97438 118395 1032 12295 23656 1037 54258 73127
109. 4 146344 161006 541 23399 39218 1069 123 6996
110. 4 164524 171784 1069 8327 13860 541 20797 23132
111. 4 187364 207182 1016 57438 71090 282 1 19011
112. 4 212703 227251 1001 63130 72046 1014 244 4897
113. 4 229566 254445 1052 88398 109338 1001 73051 75567
114. 4 263816 286345 1002 148285 152670 1033 110442 129165
115. 4 287805 313599 1037 114295 125737 1036 70446 89440
116. 4 409305 420391 487 37021 45607 457 25969 42565
117. 4 441827 456610 1035 106968 122496 1058 52752 56175
118. 4 457872 505442 1023 7945 41823 1058 33283 50358
119. 4 507555 517816 1013 10059 14870 1072 27672 36997
120. 4 562063 589712 530 28383 39498 1072 89093 110503
121. 4 590221 618286 1059 53861 66750 1072 70071 87389
122. 4 614450 642525 1072 54501 73874 1012 5766 17581
123. 4 652790 661655 1058 82031 85428 1011 21657 27575
124. 4 698125 709004 1041 10923 26135 480 70276 74367
125. 4 708240 727945 1041 25272 38427 1044 56564 66812
126. 4 722139 738918 1041 31884 49672 1054 51656 55008
127. 4 760795 771084 534 44769 49388 538 22743 29958
128. 4 864863 878769 455 2002 10871 309 13389 19916
129. 4 892955 932089 1013 123332 148197 1008 1125 25898
130. 4 1003388 1022782 1031 180693 196735 193 1 5871
131. 4 1021670 1044527 1031 166000 181733 1007 19422 33767
132. 4 1045077 1061786 530 71285 85788 2001 195103 197789
133. 4 1063576 1083843 1018 75656 91695 1060 54727 61314
134. 4 1086914 1109728 1002 35647 44641 1060 61507 77389
135. 4 1120945 1131984 364 16 6904 209 6087 8833
136. 4 1159251 1173701 499 70437 77949 328 673 11835
137. 4 1178179 1206932 312 1649 24701 499 55648 68185
138. 4 1242483 1266598 1018 356768 376686 473 1284 7670
139. 4 1267803 1310870 1018 337264 354166 359 1013 27540
140. 4 1291872 1317351 359 1 13334 1006 8170 11250
141. 4 1325624 1336230 182 678 4904 401 14991 23363
142. 4 1334131 1366245 401 21214 32104 1063 26537 51989
143. 4 1387846 1416626 1036 192400 208308 344 5351 22913
144. 4 1419548 1445255 1036 208850 231821 2000 1 3110
145. 4 1432797 1483069 1036 218148 254815 397 15635 41140
146. 4 1477523 1522835 1036 248945 270733 1024 70274 74959
147. 4 1521909 1530801 1024 65042 71161 1030 22483 26684
148. 4 1526808 1547221 1024 57277 69831 1030 10263 20776
149. 4 1554955 1568462 1043 92207 98950 1030 551 6324
150. 4 1574160 1589332 340 3233 10549 1064 95468 105123
151. 4 1600915 1645897 1054 83386 112238 1014 65303 86883
152. 4 1646330 1687935 1015 1964 31174 529 59125 78334
153. 5 49243 79361 1070 3357 22554 388 2510 17200
154. 5 92292 119204 1055 78247 91668 1032 89256 91937
155. 5 132673 149105 1043 16686 27518 1032 164958 175833
156. 5 174481 205143 1014 44682 62667 1038 16387 33983
157. 5 205466 231330 1016 585 12474 1062 40919 63713
158. 5 223247 262749 1062 27219 49955 440 1276 16555
159. 5 264203 306231 543 143 30741 440 17159 35564
160. 5 309039 325707 1023 126232 134034 1018 163688 181219
161. 5 336505 365595 480 5634 27586 1017 2889 17965
162. 5 373677 406413 1063 3007 21463 1070 46652 76488
163. 5 412009 421276 1017 27496 31269 480 32143 39967
164. 5 423256 438168 1013 81763 95539 1050 240631 246254
165. 5 439551 481070 1055 209404 231154 483 19073 47568
166. 5 479196 489966 483 10699 21178 414 28398 32854
167. 5 491391 531294 1013 158914 193905 1028 197112 218532
168. 5 534222 593785 520 1 51465 1010 34878 65658
169. 5 598212 643074 1018 289101 307856 1045 25479 57750
170. 5 643888 658325 1014 23928 33634 1039 486 4437
171. 5 661677 672130 1020 65598 72418 167 333 4472
172. 5 675010 682890 1076 4086 10518 1020 61754 64306
173. 5 699154 715057 1039 6544 14509 1002 302366 308361
174. 5 737811 753364 1003 94479 104740 1039 135833 141039
175. 5 750670 766404 1003 81212 97195 1039 99859 107405
176. 5 766878 788868 1003 104836 124757 1043 68986 76396
177. 5 788296 827517 1043 54302 69513 534 6627 29908
178. 5 836226 859959 1004 1 16635 344 162 4734
179. 5 860245 872172 1060 88810 93699 1010 86272 89703
180. 5 890157 915095 1032 54437 88818 526 60088 67637
181. 5 934321 943364 1032 126409 131395 1025 127930 134044
182. 5 943825 957954 1026 1 12284 1051 1800 6582
183. 5 968674 982696 1069 14170 19768 541 13458 20554
184. 5 981392 988325 541 12716 14816 361 966 5675
185. 5 1008460 1035527 1051 45316 67092 1032 198433 208052
186. 5 1030674 1050857 1032 193487 202618 543 160191 177906
187. 5 1079451 1088158 1018 392206 397930 297 7848 11324
188. 5 1125573 1134970 339 14321 17833 1005 21646 30029
189. 5 1150659 1164599 1043 130558 141344 489 26766 30543
190. 5 1165197 1177341 1020 33477 38169 1066 58572 67189
191. 5 1178639 1184344 1032 48250 54119 479 58372 60981
192. 5 1253498 1273903 354 4521 20573 1058 119816 130334
193. 5 1331095 1382835 448 1328 45923 1031 62554 83269
194. 5 1397950 1449912 1010 114542 151743 1050 95908 141444
195. 5 1457903 1477821 1010 93473 112690 1050 83404 95696
196. 5 1503510 1525750 1055 7855 25781 365 24 9170
197. 5 1526177 1574901 1045 135384 164461 1036 92633 137927
198. 5 1575809 1596283 1036 26058 40677 1053 75462 90761
199. 5 1604192 1631597 1057 428 21497 1073 2059 6132
200. 5 1641507 1670596 348 7361 22631 1018 92792 138889
201. 5 1670923 1730318 1002 153314 205803 1033 79658 103624
202. 5 1752867 1765507 530 40126 50331 1030 95427 103358
203. 5 1766853 1793664 1030 68892 93168 479 36215 44836
204. 5 1793963 1809364 479 45051 48887 1018 233924 247298
205. 5 1806005 1869524 1018 244116 288246 1045 57955 97371
206. 5 1870154 1884723 1014 34471 41836 1038 34301 47660
207. 5 1885338 1900830 1062 66657 72501 1016 14315 24354
208. 5 1924493 1943651 1031 20576 37881 530 3745 12991
209. 5 1981275 1993642 1061 82882 94197 1012 604 5579
210. 5 2007287 2036380 1067 50848 77350 1056 52870 60729
211. 5 2071111 2081753 1024 118060 125767 457 20678 22905
212. 5 2074221 2135856 1024 78332 124765 1048 140448 179121
213. 5 2138785 2154051 1048 115390 127542 397 565 10588
214. 5 2153311 2163475 1048 110204 116202 1074 63 3835
215. 5 2162312 2193660 1048 92058 111455 242 761 13335
216. 6 20124 46690 1049 28625 36351 538 101351 120551
217. 6 54232 80666 1048 75760 88781 479 1212 12958
218. 6 73932 108683 479 9147 34840 1072 111820 125132
219. 6 112835 142688 1035 32246 55598 1066 18137 26616
220. 6 140343 164762 1035 53205 67025 1066 31013 37047
221. 6 165000 179541 1027 46518 52407 1066 37217 43181
222. 6 188816 200429 1066 12125 17792 1035 21471 31542
223. 6 211473 237840 1040 14544 25774 1071 1 26156
224. 6 280155 290815 513 84409 90068 1060 4445 12766
225. 6 311639 359915 1039 63222 98024 1003 35339 64079
226. 6 360687 390244 1039 108102 134739 1003 67857 80923
227. 6 421860 468029 1039 18190 59896 1003 2428 31067
228. 6 478044 512747 2001 171777 181919 1019 29631 63517
229. 6 510384 523601 1019 61016 75256 2000 29208 32058
230. 6 523845 564866 2000 3588 27720 1020 683 30097
231. 6 571896 579571 1018 13181 16888 1028 134667 139868
232. 6 578912 632247 1018 16250 57697 1060 20589 48296
233. 6 633167 648940 1002 210782 226133 1036 142840 145360
234. 6 641931 657959 1002 218633 230492 534 55973 63322
235. 6 658475 673094 1028 70547 82091 325 11110 15111
236. 6 680589 696101 1043 6232 15996 1032 152309 164549
237. 6 720246 743643 1040 57057 70075 1044 4910 20407
238. 6 761965 771435 1018 377497 382904 284 11618 15815
239. 6 790859 804683 1010 11547 20721 1045 274 7925
240. 6 799590 814322 1010 1673 16965 1044 68048 76854
241. 6 822039 835637 1035 76084 101060 1058 60003 65922
242. 6 882778 906080 534 99949 116427 223 1098 11512
243. 6 943788 957400 1028 53068 69937 325 15675 21283
244. 6 957948 993279 534 64772 84999 1002 231120 254240
245. 6 1026129 1046616 1072 37585 49328 1013 54 8854
246. 6 1040048 1057103 1072 42308 52473 1012 18349 27931
247. 6 1095626 1109412 1052 111345 120129 1061 150157 156754
248. 6 1116715 1138855 1048 198298 212532 487 46135 58394
249. 6 1187526 1200210 2002 253536 264307 534 140123 148119
250. 6 1201353 1235272 529 1925 32557 1031 130971 139726
251. 6 1248753 1267276 431 17811 39061 1043 1441 5869
252. 6 1267367 1283247 467 40730 56632 1058 149616 152768
253. 6 1284278 1315137 463 18696 46280 1016 36309 42007
254. 6 1315326 1341213 463 1134 15443 1016 42758 57252
255. 6 1395315 1407436 2002 203582 217133 1059 94050 96549
256. 6 1408290 1447323 478 30026 59852 2002 217762 245326
257. 6 1443555 1463680 2002 241958 253250 534 129416 139462
258. 6 1475341 1485666 526 102551 115930 473 10480 22613
259. 6 1492435 1503398 526 118096 123514 473 30372 37150
260. 6 1502331 1518096 473 36089 49866 303 3836 17006
261. 6 1518557 1527770 489 50840 61879 1018 203011 205072
262. 6 1548402 1558610 1059 35836 47789 370 11707 17460
263. 6 1559454 1583098 1046 6069 20797 1041 51977 74876
264. 6 1587214 1609023 1025 24731 34783 1023 59511 72273
265. 6 1657556 1682833 478 6075 24601 1044 41869 54828
266. 6 1697871 1708657 1052 46595 60319 1065 31233 46283
267. 6 1709034 1721050 251 3245 13719 1052 72364 78467
268. 6 1734636 1792211 543 78246 96297 392 1 32898
269. 6 1813462 1860752 543 106995 119326 1033 32885 69250
270. 6 1874062 1886372 1042 16193 29014 1035 13789 18607
271. 6 1885728 1904429 1042 2298 16837 1037 90148 106548
272. 6 1936804 1948821 400 948 9154 1054 64906 75831
273. 6 1990998 2001134 1016 27192 30892 1031 83945 92056
274. 6 2004309 2028523 1055 30639 39303 365 11743 18941
275. 6 2100746 2115220 1060 105250 115149 538 39404 43882
276. 6 2119266 2133136 1061 58801 66979 385 362 3630
277. 6 2143618 2162067 1069 24455 38197 295 6161 16009
278. 6 2178959 2200066 367 18840 36213 1065 12266 17973
279. 6 2200946 2215302 505 25404 37456 1029 1002 8119
280. 6 2219920 2233681 1072 126281 133768 505 42259 54194
281. 6 2232014 2279857 505 52515 65177 1048 29486 75024
282. 6 2292807 2307848 479 50993 55644 1032 27093 38499
283. 6 2333488 2356196 1011 30640 45588 1058 67230 81861
284. 6 2356566 2370501 460 38552 47461 1056 29570 35382
285. 6 2378464 2390779 1002 11943 23126 380 254 2261
286. 6 2389226 2404017 1002 21450 35283 348 23750 29110
287. 6 2404449 2420028 461 34721 41928 1073 7885 19187
288. 6 2428360 2460672 1073 23122 40616 1019 1223 18728
289. 6 2456560 2478405 1073 36027 49975 262 224 10544
290. 6 2477131 2486092 262 9605 17873 1013 53088 55028
291. 6 2485499 2493794 1013 36041 53894 185 1614 6233
