>Kthermotolerans$
1. 1 2 3 4 5 6 7 8 9 10 11 12 13 14 15 $
2. 16 17 18 19 20 21 22 23 24 25 26 27 28 29 30 31 32 $
3. 33 34 35 36 37 38 39 40 41 42 43 44 45 46 47 48 49 50 51 52 53 54 55 56 57 58 59 60 61 62 $
4. 63 64 65 66 67 68 69 70 71 72 73 74 75 76 77 78 79 80 81 82 83 84 85 86 87 88 89 90 $
5. 91 92 93 94 95 96 97 98 99 100 101 102 103 104 105 106 107 108 109 110 111 112 113 114 115 116 117 118 119 120 121 122 123 124 125 $
6. 126 127 128 129 130 131 132 133 134 135 136 137 138 139 140 141 142 143 144 145 146 147 148 149 150 151 152 153 154 155 156 157 158 159 160 161 162 163 164 165 166 167 168 $
7. 169 170 171 172 173 174 175 176 177 178 179 180 181 182 183 184 185 186 187 188 189 190 191 192 193 194 195 196 197 198 199 200 201 $
8. 202 203 204 205 206 207 208 209 210 211 212 213 214 215 216 217 218 219 220 221 222 223 224 225 226 227 228 229 230 231 232 233 234 235 236 237 238 $

>Scerevisiae$
1. 63 64 65 66 -105 $
10. 135 136 137 138 139 -123 67 221 222 -182 -184 -183 -24 -20 -19 183 -22 21 -18 -17 233 -43 -42 -41 -40 -16 -49 -144 134 -94 -93 92 165 -90 -89 $
11. 16 40 -87 -86 136 -181 182 70 71 35 36 -26 -25 -74 -73 33 34 72 -221 -67 123 -139 -138 -137 164 -91 $
12. -238 101 102 218 -23 -22 -184 23 107 -39 -7 8 201 -192 -146 227 128 129 -27 204 205 206 -111 -110 145 226 -225 -224 -58 -195 -214 -218 106 200 9 81 82 83 84 85 86 87 88 166 -1 $
13. -125 141 142 44 45 46 -125 141 90 -88 41 -174 -177 -59 74 25 26 -36 -71 -70 107 108 236 237 -148 -209 -208 12 13 14 79 80 -97 235 -47 -46 -45 -44 31 32 $
14. -168 -167 2 55 129 130 131 132 133 134 -29 -28 -109 -75 185 186 187 188 190 -189 226 227 -228 229 13 14 15 $
15. -168 -167 2 55 56 57 196 -124 54 140 47 65 -66 -157 -231 223 59 -60 179 95 163 164 -185 75 -161 172 173 58 -195 -214 76 77 78 79 80 -97 235 -64 -63 $
16. 62 -61 154 -12 208 209 210 211 -78 -77 -76 -118 -117 -116 -115 -114 -113 6 -5 198 199 -219 -50 -49 -144 -94 122 -149 -152 -151 -150 -153 -100 159 160 -171 166 -1 $
2. 50 51 92 93 -121 217 104 -197 -4 -3 3 -53 -52 -48 119 120 121 122 -149 -152 -151 -196 57 116 -118 -117 -213 -212 -99 -222 $
3. 126 127 228 229 232 -135 -130 15 $
4. -29 -112 207 -11 -27 204 205 206 207 -11 191 147 148 -237 -236 -108 -85 -84 -83 -82 54 140 197 -4 -53 -52 -48 119 120 -216 -215 -194 -193 -192 -146 -145 110 111 112 113 114 95 163 -180 -143 234 -96 -162 -161 172 173 174 175 176 177 178 179 115 -56 -128 -127 -126 $
5. 131 60 61 62 -176 -175 42 43 -233 -232 155 156 158 165 -170 10 -51 -103 -217 -216 -215 -194 -193 $
6. -201 -8 -7 -6 -5 198 -231 223 224 230 -98 -169 $
7. 169 170 103 219 -199 225 191 147 210 -212 -211 213 68 -69 220 104 105 106 200 132 9 81 124 -150 -153 -100 159 160 -171 220 69 -68 20 21 24 -19 -18 -17 -39 -38 -37 -203 -202 30 31 32 $
8. -238 101 102 -73 72 -35 178 230 180 181 -143 234 -96 -162 109 28 -38 -133 -37 -203 -202 30 -142 -89 $
9. 91 186 187 188 189 190 -10 98 154 155 156 158 -99 -157 -34 -33 $


# markers coordinates
1. 1 59312 104870 16 883235 920483 12 1053627 1058516
2. 1 105295 149654 14 61958 94801 15 92026 110638
3. 1 152482 164866 2 283738 291865 2 310564 314788
4. 1 160925 176677 2 274427 287925 4 463431 470421
5. 1 177329 204713 6 145109 157746 16 539382 555726
6. 1 220657 251642 16 512311 518758 6 104695 134291
7. 1 248935 255041 6 103693 107579 12 243887 246073
8. 1 258170 281961 6 82578 97496 12 246325 250979
9. 1 283065 291389 7 599421 605505 12 841330 845729
10. 1 296563 433600 5 237569 327027 9 212496 291668
11. 1 435817 452146 4 229906 241840 4 135897 141722
12. 1 454908 469576 13 655075 665521 16 64977 73881
13. 1 468827 485327 13 664751 674765 14 636988 644195
14. 1 487673 513424 14 644322 663583 13 675895 683563
15. 1 512774 635408 14 662915 712813 3 208131 287934
16. 2 75377 99342 10 572308 578183 11 31083 46296
17. 2 112541 136791 7 894698 912817 10 464444 471664
18. 2 136942 167779 10 451013 462418 7 876674 892191
19. 2 163199 180393 7 872049 882236 10 402892 414764
20. 2 174660 192256 10 397350 409156 7 829121 835908
21. 2 192399 202314 7 836392 844965 10 448470 450658
22. 2 204289 268052 10 425151 448018 12 131728 167801
23. 2 270448 286901 12 177607 187128 12 121321 130612
24. 2 306104 316837 10 393962 396587 7 845898 854900
25. 2 324153 340847 11 306929 314917 13 353870 380199
26. 2 340239 363715 13 379585 396378 11 291097 301526
27. 2 383780 398769 4 145827 155641 12 535216 539591
28. 2 420999 559046 8 341668 391700 14 307403 405566
29. 2 557856 688819 14 210234 308614 4 26403 80413
30. 2 693870 720562 8 452872 483837 7 1004630 1010772
31. 2 720807 728484 13 845570 849808 7 1014327 1017765
32. 2 729231 833657 7 1019604 1063159 13 850073 902412
33. 3 52014 69221 11 389883 403161 9 416121 421787
34. 3 68274 95122 11 402211 420859 9 397291 405964
35. 3 97077 112002 11 274927 280503 8 113494 115896
36. 3 106485 125141 11 277925 285852 13 401540 407583
37. 3 128670 139441 7 961364 970058 8 412910 420075
38. 3 139563 189187 8 392642 406181 7 922180 958213
39. 3 175811 199686 7 915246 936886 12 239348 243350
40. 3 200556 247204 11 47158 73870 10 544055 572117
41. 3 246120 270011 10 532055 545168 13 169116 183363
42. 3 268209 278062 10 529854 533752 5 64709 70257
43. 3 287614 310586 5 73771 93905 10 522041 528469
44. 3 311969 335714 13 824728 845344 13 30611 41794
45. 3 337765 352644 13 814363 824630 13 42043 49704
46. 3 351697 404860 13 779628 815310 13 51640 73920
47. 3 392581 412092 13 775314 789838 15 228613 231271
48. 3 433703 451306 2 373858 389211 4 548760 558058
49. 3 458911 467314 16 637376 640955 10 578853 582248
50. 3 467681 510763 2 9961 44086 16 610478 637221
51. 3 502173 620010 2 39142 116832 5 335942 404348
52. 3 624255 685493 2 324337 362512 4 484160 524710
53. 3 688367 702309 2 315575 323945 4 477794 483857
54. 3 713441 747183 15 194970 207176 4 369769 399126
55. 3 759755 776121 15 111431 117454 14 103134 110411
56. 3 775129 820479 15 116396 143696 4 1422755 1446986
57. 3 818369 836180 15 141584 154745 2 536569 545972
58. 3 836528 867219 12 663286 677726 15 639561 653885
59. 3 878953 919029 15 301381 331052 13 267174 282584
60. 3 925534 938530 15 331456 338622 5 34407 41953
61. 3 942263 950259 16 44551 48802 5 42400 48373
62. 3 949063 967674 5 47168 51539 16 26611 40077
63. 4 51882 83134 1 31568 48251 15 1023459 1043040
64. 4 84021 238312 1 52802 118315 15 916027 1018744
65. 4 229079 268197 1 108878 131986 15 234939 254616
66. 4 267019 280044 1 130802 136635 15 259924 267530
67. 4 295808 331340 10 221386 251686 11 483062 499475
68. 4 365191 385900 7 802445 828582 7 405779 415734
69. 4 391381 396993 7 798548 801828 7 416150 418416
70. 4 403678 488734 11 179672 235431 13 442526 502733
71. 4 475917 524945 13 422502 455555 11 237180 270294
72. 4 532589 570752 8 95114 108117 11 421067 456697
73. 4 621467 655811 11 359786 378215 8 66239 83717
74. 4 655143 740459 13 291133 351972 11 316081 360460
75. 4 741531 776555 14 412773 442360 15 515245 533794
76. 4 776870 929754 15 710447 795333 16 252033 340944
77. 4 931339 967064 16 228313 251667 15 795802 808108
78. 4 965505 994116 15 807272 830573 16 216011 228771
79. 4 980947 1003720 15 815915 836430 13 684466 687283
80. 4 1001954 1081739 15 834451 867851 13 689082 733140
81. 4 1082204 1110741 7 606140 631277 12 852494 868390
82. 4 1109701 1119066 12 867353 873553 4 363952 368211
83. 4 1122242 1129872 4 359825 363583 12 873745 877177
84. 4 1134916 1187386 4 334217 356759 12 878282 909965
85. 4 1188206 1232284 12 910235 947976 4 316971 333810
86. 4 1223765 1269411 12 934412 962732 11 84709 108604
87. 4 1272038 1300452 11 74937 83555 12 963782 988110
88. 4 1294994 1395591 12 982891 1035761 13 111865 165326
89. 4 1423358 1486003 8 486230 516485 10 667638 705266
90. 4 1490856 1501595 10 656248 665013 13 104777 110852
91. 5 67093 122966 9 39433 83041 11 612307 639606
92. 5 138573 169383 10 629579 638969 2 125128 135519
93. 5 173841 180295 2 141250 145731 10 620747 623006
94. 5 181119 189506 16 655137 657341 10 615569 619758
95. 5 192040 219211 15 379781 400104 4 969986 1002019
96. 5 235803 365163 4 1110586 1174170 8 251103 301937
97. 5 369100 391268 13 733544 747728 15 868339 880673
98. 5 396019 437133 9 292632 321931 6 213300 227324
99. 5 437543 446973 2 722606 728097 9 375428 379778
100. 5 449481 497189 16 752255 785667 7 678699 706505
101. 5 497958 516744 8 35253 39484 12 47858 63644
102. 5 523206 574007 8 40082 62561 12 64061 91348
103. 5 575313 641045 7 122699 173085 5 404809 433954
104. 5 668587 733136 7 440068 482671 2 199067 220403
105. 5 730431 767622 7 479915 498038 1 142176 159794
106. 5 768206 791666 12 765266 783387 7 498480 508368
107. 5 815169 866738 12 199541 228597 13 507501 545729
108. 5 853592 876000 13 533162 547236 4 310642 316388
109. 5 881284 889949 8 338086 341362 14 406360 412055
110. 5 894838 912847 4 895031 911297 12 587697 592045
111. 5 913351 934125 4 912095 923802 12 574153 585492
112. 5 926587 972798 4 916482 945148 4 87513 104552
113. 5 988370 1010897 16 488885 509997 4 954284 963102
114. 5 1012290 1032918 4 963408 969676 16 464398 481898
115. 5 1031665 1043077 16 457115 465645 4 1417391 1422477
116. 5 1043203 1069859 2 549765 567475 16 444576 456661
117. 5 1069449 1080767 16 434520 445028 2 633617 642205
118. 5 1082142 1215682 2 571463 633376 16 348443 434087
119. 5 1249365 1264357 2 393118 405245 4 563525 567553
120. 5 1260356 1275838 2 401247 413975 4 569232 573723
121. 5 1270964 1308908 2 409163 424823 2 146190 169379
122. 5 1309385 1357099 16 657526 678317 2 424984 451963
123. 5 1358408 1391727 10 205301 218852 11 499924 516513
124. 5 1396500 1403937 7 637748 640375 15 189658 194800
125. 5 1436277 1463345 13 11484 20536 13 74398 90731
126. 6 30927 67795 3 12386 38801 4 1490588 1500545
127. 6 69699 132805 3 41488 82275 4 1459720 1489790
128. 6 130898 155525 4 1447822 1461546 12 511056 524392
129. 6 154767 169410 12 523634 534395 14 110917 118809
130. 6 172432 182149 3 201170 207946 14 119268 122170
131. 6 188430 211584 14 122883 144079 5 29797 33466
132. 6 205827 219279 14 138551 145282 7 584899 590915
133. 6 225395 244186 14 146897 164321 8 407106 412409
134. 6 248890 282368 14 164624 190958 10 612409 615149
135. 6 302182 375367 10 50629 85334 3 170882 199545
136. 6 378401 455408 10 87581 133932 11 109274 145383
137. 6 444440 472892 10 123832 146041 11 559308 566840
138. 6 476328 550963 10 147098 193465 11 520539 558596
139. 6 552396 558164 10 193859 197124 11 517840 520266
140. 6 559256 588672 4 399337 416705 15 210520 226074
141. 6 594001 603192 13 92235 99400 13 20762 25801
142. 6 601480 610383 13 24038 29807 8 484028 486179
143. 6 616169 642953 4 1072742 1090076 8 220110 230698
144. 6 643237 672738 10 582601 604199 16 642205 653659
145. 6 699044 751720 12 605760 628199 4 832856 867519
146. 6 751956 771981 4 817947 832470 12 491868 500272
147. 6 796555 832910 7 226404 241090 4 248581 269976
148. 6 833092 891582 13 568550 605519 4 270222 296329
149. 6 893564 919846 2 452652 473920 16 681210 687595
150. 6 920547 944638 7 640724 648911 16 716154 731746
151. 6 942194 970063 16 711401 718466 2 494347 512768
152. 6 967691 1002274 2 474386 496863 16 690104 709826
153. 6 1002844 1032330 7 654638 677569 16 742452 751917
154. 6 1050879 1058530 16 49303 52671 9 334879 343653
155. 6 1055736 1081867 9 335663 356892 5 138918 159117
156. 6 1086482 1108425 5 162722 173337 9 357412 369905
157. 6 1117713 1121587 15 272004 274354 9 381083 382379
158. 6 1122321 1144174 9 370701 374857 5 177834 191787
159. 6 1149445 1161465 7 717362 724768 16 786204 789321
160. 6 1161801 1221587 16 791214 831671 7 725053 757452
161. 6 1222278 1322726 15 539764 592588 4 1199175 1256839
162. 6 1325151 1357411 4 1176332 1198689 8 314877 334397
163. 6 1357590 1389896 15 400348 423733 4 1002506 1015698
164. 6 1385113 1467317 15 418631 479190 11 567560 608007
165. 6 1468098 1484400 5 196947 201935 10 643484 654232
166. 6 1489345 1518062 12 1039268 1051882 16 864445 880164
167. 6 1519346 1578245 15 58759 91419 14 31943 61550
168. 6 1580584 1606667 15 44937 58538 14 18001 31377
169. 7 28632 86250 6 231999 255036 7 23935 69331
170. 7 86471 156709 5 207643 237118 7 69671 117565
171. 7 166538 193160 7 757775 777513 16 832057 859741
172. 7 194153 234399 15 593058 618289 4 1258688 1278429
173. 7 234881 255051 15 626629 638559 4 1284061 1293083
174. 7 254257 262337 4 1292364 1296678 13 192788 195755
175. 7 258857 274626 4 1293361 1301003 5 58378 60851
176. 7 271089 295431 4 1298424 1314884 5 52721 59148
177. 7 286341 411501 4 1306259 1386508 13 202775 258416
178. 7 412304 438806 4 1386808 1404165 8 117809 131440
179. 7 437841 457123 4 1403314 1414266 15 368127 379562
180. 7 468537 536352 8 175541 198278 4 1019364 1068386
181. 7 533755 549906 8 195544 211972 11 153274 158186
182. 7 585983 615812 10 356019 373794 11 163647 179179
183. 7 615951 628388 10 417556 424103 10 383832 390848
184. 7 626094 639490 10 378820 386144 12 172267 177415
185. 7 640089 692689 15 482035 514279 14 443400 469625
186. 7 690275 710451 14 467133 478033 9 83302 88716
187. 7 713923 852463 9 89230 173025 14 478567 551988
188. 7 850022 871270 14 549469 569692 9 175304 183124
189. 7 872129 896568 9 183934 199400 14 584321 597540
190. 7 895162 906700 9 197928 203256 14 574507 578774
191. 7 919304 938645 4 242552 247612 7 210421 225578
192. 7 944286 1206243 12 294092 447576 4 669013 793886
193. 7 1207234 1285670 5 499342 551117 4 626705 667855
194. 7 1279215 1300789 5 488852 503777 4 612070 624718
195. 7 1302699 1358061 12 680202 722375 15 657265 682107
196. 7 1363249 1404125 15 155287 189414 2 515658 536090
197. 7 1404292 1453085 4 432327 462513 2 227639 269503
198. 7 1454815 1464086 16 561501 571375 6 159293 161194
199. 7 1468135 1488202 16 573015 581193 7 186065 200148
200. 7 1491300 1563881 7 529268 583896 12 790676 839252
201. 7 1576512 1664230 6 36803 81910 12 251273 289251
202. 8 57753 94133 7 985977 999145 8 423726 447605
203. 8 92994 103074 8 423075 424475 7 977341 986744
204. 8 103482 146488 4 156319 176487 12 540011 561734
205. 8 151103 176929 4 176774 198177 12 562010 571860
206. 8 171281 191120 12 566656 573920 4 199997 212047
207. 8 191540 226873 4 107209 135437 4 213352 229431
208. 8 227237 242578 13 640914 652886 16 75699 82356
209. 8 245136 319425 13 605980 640603 16 82625 132227
210. 8 317431 355798 16 130161 151329 7 245721 269194
211. 8 356036 466702 7 325334 384769 16 151514 213961
212. 8 467504 579392 2 662990 720599 7 270398 323233
213. 8 580087 606035 2 645545 662244 7 385199 401290
214. 8 608218 629506 12 724723 731561 15 684031 697335
215. 8 630668 655633 4 602195 611922 5 474036 487188
216. 8 654884 698269 4 574161 602866 5 450558 472419
217. 8 701923 735364 5 437263 441815 2 170626 195705
218. 8 736894 750159 12 95565 105346 12 759482 764137
219. 8 750413 766033 7 182396 185400 16 582370 600214
220. 8 787674 801925 7 784228 787784 7 431553 439643
221. 8 819533 852346 10 268794 293976 11 461278 481624
222. 8 859362 965517 10 299152 353610 2 728880 777850
223. 8 969133 974668 6 169914 173869 15 292530 296121
224. 8 975327 986166 6 174257 180735 12 658828 662835
225. 8 985252 999224 12 641466 659793 7 200567 203839
226. 8 1017096 1025922 12 636782 641023 14 606320 614361
227. 8 1030928 1037466 12 506136 510234 14 618509 620980
228. 8 1038164 1054674 14 621315 627144 3 91324 105548
229. 8 1057263 1086512 3 108021 136871 14 627458 635299
230. 8 1107939 1113323 6 199862 203421 8 134547 139844
231. 8 1160383 1191788 15 274958 292075 6 162482 168489
232. 8 1202354 1230343 3 144771 167995 5 116167 135234
233. 8 1226474 1272922 5 96858 120299 10 486579 517506
234. 8 1273683 1302604 8 230972 249643 4 1092738 1109844
235. 8 1304724 1343694 15 880963 907552 13 748261 758830
236. 8 1346402 1361592 13 547713 558523 4 301413 310122
237. 8 1363510 1376652 13 560365 568181 4 296820 300999
238. 8 1376941 1388099 8 21780 32754 12 39803 46264
