>Kthermotolerans$
1. 1 2 3 4 5 6 7 8 9 10 11 12 13 $
2. 14 15 16 17 18 19 20 21 22 23 24 25 26 27 28 29 30 31 32 33 34 35 $
3. 36 37 38 39 40 41 42 43 44 45 46 47 48 49 50 51 52 53 54 55 56 57 58 59 60 61 62 63 $
4. 64 65 66 67 68 69 70 71 72 73 74 75 76 77 78 79 80 81 82 83 84 85 86 87 88 89 90 91 92 93 94 95 96 97 98 99 100 101 $
5. 102 103 104 105 106 107 108 109 110 111 112 113 114 115 116 117 118 119 120 121 122 123 124 125 126 127 128 129 130 131 132 133 134 135 $
6. 136 137 138 139 140 141 142 143 144 145 146 147 148 149 150 151 152 153 154 155 156 157 158 159 160 161 162 163 164 165 166 167 168 169 170 171 172 173 174 175 176 177 178 179 180 $
7. 181 182 183 184 185 186 187 188 189 190 191 192 193 194 195 196 197 198 199 200 201 202 203 204 205 206 207 208 209 210 211 212 213 214 215 216 217 218 219 220 221 222 223 $
8. 224 225 226 227 228 229 230 231 232 233 234 235 236 237 238 239 240 241 242 243 244 245 246 247 248 249 250 251 252 253 254 255 256 257 258 259 260 $

>Sbayanus$
420. -54 $
436. 191 $
445. 210 $
447. -23 $
449. 67 $
451. -107 $
454. 203 $
457. 235 $
458. 195 $
459. 156 $
461. 124 $
462. -158 $
463. 221 $
469. -247 $
470. 34 $
474. 171 $
475. -170 $
476. 106 $
477. 230 $
480. 215 $
482. -61 $
484. -257 $
485. 140 $
486. -236 $
487. -81 $
488. -39 -75 $
489. -23 $
490. 236 $
491. -40 $
494. 84 $
495. 171 $
496. -56 $
497. -125 $
500. -255 $
501. -227 $
502. -58 -57 $
503. -211 $
504. 22 -139 $
505. 80 $
507. 212 $
508. 115 -77 $
509. -109 -108 $
512. -27 $
513. -76 $
514. -26 -25 -24 $
516. 122 123 $
518. -150 $
519. -159 $
520. -83 -82 $
521. -129 -128 -127 $
522. 207 $
523. -217 $
524. -33 -32 $
525. 153 $
527. 5 6 $
528. 207 $
529. -190 $
530. 172 $
533. 30 $
534. 16 17 $
535. 28 $
536. 166 167 -112 $
537. 257 -109 $
538. -29 $
539. -35 $
540. -24 $
541. 216 $
542. 151 $
543. -47 -46 $
544. 90 91 -110 $
545. -93 -92 $
546. -150 $
548. -176 148 149 $
549. -185 $
550. -151 -55 $
551. 126 $
552. 174 $
554. 54 55 $
555. 192 187 -44 $
556. -75 -74 $
557. 233 234 235 $
558. -100 $
559. -72 $
560. 225 226 -123 $
561. -9 206 157 $
562. -35 $
563. 246 -249 -248 $
565. 220 $
566. 20 -242 $
568. 102 $
569. -136 $
570. -108 -107 -106 $
571. 208 $
572. 153 -197 -196 $
573. -149 $
574. 215 59 $
575. -177 $
576. 70 -71 244 117 $
577. -111 $
578. 204 -205 $
579. 14 43 $
580. -174 -173 $
581. 103 178 -101 $
583. -83 -82 239 214 $
585. -238 232 $
586. -19 $
587. 185 186 59 $
588. 79 21 -40 $
589. 66 -258 $
590. -120 -119 -118 $
591. -209 -208 $
592. 225 226 $
593. 73 74 $
594. -38 -37 -36 $
595. -234 -112 -248 -247 $
596. -156 -155 $
597. 245 $
598. -165 -164 -111 $
599. -42 -143 -41 -224 $
600. 244 71 -70 18 $
602. 114 $
603. -250 -155 122 $
604. -135 152 45 $
605. 114 115 $
607. 141 142 143 144 $
609. 203 204 205 -5 182 $
610. -145 $
611. -218 217 $
612. 94 95 259 260 $
613. -92 -142 220 221 222 $
614. 68 -69 -252 60 $
615. -85 -84 $
616. -103 -52 $
617. 1 -179 -98 $
618. 22 9 -227 124 125 $
619. -212 -99 $
620. 172 173 -81 -80 200 $
621. 181 182 183 $
622. 249 -246 $
623. -137 -136 $
624. 38 -245 $
625. -51 -50 $
627. 200 201 202 $
628. 181 -198 $
629. -223 $
630. 195 196 -175 -105 -127 -126 $
631. 137 138 139 56 57 -128 -194 $
632. 130 131 $
633. 7 8 6 7 $
634. -252 -219 3 4 $
635. 85 86 87 88 89 $
636. -169 -168 113 163 160 161 162 $
637. -229 -228 10 -164 62 -63 $
638. -189 -61 -60 78 $
639. 222 -120 242 239 214 $
640. 102 $
641. -180 2 $
642. 93 -160 -163 -113 168 169 170 $
643. -135 101 -98 $
644. 31 -152 -100 -99 $
645. 183 184 -178 -167 -166 -165 -254 $
646. -199 -18 -17 199 -19 -16 -15 $
648. 146 147 148 $
650. 218 -118 -117 133 $
651. -90 -89 -88 -12 -11 -10 228 229 230 $
652. -37 -36 76 77 78 79 21 $
653. -15 -42 -41 -224 31 $
654. 179 -1 $
655. 250 251 11 12 13 $
656. 186 187 188 189 190 191 192 193 $
657. -73 -72 121 259 260 -158 $
658. 231 232 233 -87 -86 $
659. -180 2 $
660. -53 48 132 -241 -240 -213 $
661. -3 219 -243 -50 -49 -154 -104 134 $
662. 94 95 96 97 $
663. -97 -96 147 -197 198 $
664. 64 65 $
665. -202 -201 $
666. -140 13 $
667. -25 -26 27 28 29 30 $
668. -39 193 194 105 175 176 177 $
669. 119 -69 -68 -67 -66 $
670. 256 -44 -43 -14 -49 -154 144 -104 $
671. -34 -33 -32 45 46 47 -258 110 -91 $
672. 20 121 4 223 -211 -210 -209 $
673. 64 65 $
674. 184 116 243 206 157 231 -237 $
675. 138 251 253 -254 -146 -145 $
676. -253 255 256 188 -63 -62 -141 $
677. 213 240 241 116 51 52 -8 $
678. 237 238 130 131 -129 -58 216 161 162 159 -134 -133 -132 48 53 $


# markers coordinates
1. 1 59312 104230 654 35445 72033 617 5477 10336
2. 1 105295 138270 659 68490 86385 641 64094 85653
3. 1 177329 196456 634 29312 41986 661 1939 9249
4. 1 223366 268573 634 46087 78200 672 57668 64435
5. 1 296563 324800 527 6377 20301 609 37298 48061
6. 1 324351 344223 527 19885 25036 633 57237 70230
7. 1 340333 363535 633 65329 80618 633 1191 11418
8. 1 362792 429157 633 10657 51980 677 166491 211028
9. 1 434058 449877 618 7451 17118 561 3333 8909
10. 1 454908 469576 651 58412 68935 637 30509 34901
11. 1 467019 485327 651 49223 61312 655 37420 44737
12. 1 487673 513424 655 44864 64021 651 40505 48104
13. 1 512774 618924 655 63368 108598 666 30856 92982
14. 2 75377 99342 670 76751 82522 579 15795 31101
15. 2 116792 137535 646 80104 90697 653 1432 16792
16. 2 136942 167779 646 69241 80703 534 938 15929
17. 2 163199 180393 534 10938 20032 646 20441 32409
18. 2 174660 196533 646 14913 26681 600 37056 48566
19. 2 204289 268052 646 42734 66084 586 2012 33582
20. 2 277684 286901 566 1355 7148 672 2431 5935
21. 2 324153 355418 652 98822 115848 588 8430 36175
22. 2 390460 398769 618 3823 7122 504 2932 7311
23. 2 420999 435127 489 2852 13786 447 1354 4610
24. 2 443928 464478 540 16595 32344 514 13418 19151
25. 2 479404 491867 667 4344 10271 514 3762 8865
26. 2 489699 500733 514 1215 6263 667 13291 18167
27. 2 511087 559046 512 2036 17164 667 21913 49553
28. 2 557856 608811 667 48342 87091 535 3453 23160
29. 2 608293 644171 667 86189 113475 538 1652 17122
30. 2 636698 688819 667 107522 147868 533 605 8096
31. 2 699412 720562 644 2706 19805 653 110080 116256
32. 2 720807 728484 671 27921 32184 524 18132 21576
33. 2 729231 749449 524 4316 16315 671 19752 27650
34. 2 746833 779366 671 8311 22426 470 1745 9505
35. 2 779619 809039 562 12097 25593 539 4454 9850
36. 3 52014 69221 652 9373 22609 594 24815 30556
37. 3 68274 89098 652 1328 10323 594 8292 14487
38. 3 84727 95122 594 5782 11966 624 4549 7102
39. 3 97077 106293 488 384 3023 668 10297 12673
40. 3 110532 125141 491 7966 14942 588 46978 52915
41. 3 128670 139441 653 66080 74773 599 18036 24255
42. 3 139563 173581 599 2444 11425 653 43325 62905
43. 3 200556 235230 579 31939 38156 670 57860 76512
44. 3 238703 270011 670 37016 54223 555 10397 24597
45. 3 311969 345484 671 32391 58138 604 30831 43711
46. 3 344354 352644 671 57038 62613 543 18526 24243
47. 3 351697 380711 671 61666 83751 543 760 16647
48. 3 433703 451306 678 293312 308453 660 51581 57816
49. 3 458911 467314 661 92507 96110 670 83242 86631
50. 3 467681 510763 661 64528 88839 625 27264 54474
51. 3 502173 557741 625 1646 32218 677 89527 120430
52. 3 541022 620010 677 103759 155525 616 17076 62774
53. 3 624255 683920 678 319911 358724 660 1140 32237
54. 3 715134 729255 554 3910 12731 420 990 3122
55. 3 726594 747183 554 9950 34100 550 24734 29830
56. 3 775129 808096 496 7969 12323 631 38830 57461
57. 3 787911 820479 631 49285 63036 502 8312 15455
58. 3 818369 835406 502 1797 10411 678 134527 143956
59. 3 836528 867219 574 22375 37076 587 56476 65558
60. 3 878953 900465 614 57518 67274 638 21231 35352
61. 3 905760 925263 482 2979 12133 638 15529 19868
62. 3 929710 950259 676 98475 112750 637 48796 52991
63. 3 949063 967674 676 95289 99680 637 57472 70896
64. 4 51882 83134 664 18158 34800 673 52352 67692
65. 4 84021 199990 664 39309 73637 673 76930 150121
66. 4 200288 238312 589 4501 16342 669 57117 82394
67. 4 225886 251237 669 51186 69101 449 1302 5408
68. 4 246019 268197 669 43525 56921 614 2553 10065
69. 4 267019 280044 669 38832 44712 614 15396 22893
70. 4 365191 385900 600 22857 36522 576 4308 9224
71. 4 391381 396993 600 18968 21440 576 9624 11951
72. 4 403678 443730 657 21976 45026 559 1482 32256
73. 4 443978 475833 657 924 13169 593 943 24048
74. 4 486319 518135 556 17641 35688 593 25721 52495
75. 4 515187 524945 556 13480 20553 488 7910 12420
76. 4 621467 650310 652 35283 52717 513 3230 11551
77. 4 647819 655811 652 49588 53614 508 15053 18829
78. 4 655143 733627 652 52940 93067 638 43613 94242
79. 4 730214 740459 652 88952 97619 588 2047 6540
80. 4 742772 762154 505 1685 17377 620 48948 52451
81. 4 765986 776555 487 4801 12815 620 34960 38350
82. 4 776870 807728 520 10517 24578 583 7608 21792
83. 4 802972 825985 520 684 11551 583 2654 9464
84. 4 827667 851162 494 945 16022 615 61544 67971
85. 4 853996 929754 635 2293 45443 615 6834 59004
86. 4 938262 969698 635 45967 60948 658 103390 117853
87. 4 965505 994116 635 57528 80720 658 93921 103854
88. 4 980947 1003720 635 66190 86631 651 36766 39529
89. 4 1001954 1053348 635 84673 101131 651 2484 34908
90. 4 1052987 1063993 651 1311 2744 544 998 9449
91. 4 1059302 1080695 544 4311 15764 671 147211 153694
92. 4 1082204 1095973 613 3903 17551 545 24563 26479
93. 4 1098555 1110741 642 1010 6897 545 5197 16094
94. 4 1134916 1187386 612 7084 29726 662 2304 33984
95. 4 1188206 1232284 662 34308 66245 612 30151 46859
96. 4 1223765 1269411 662 58639 81032 663 16855 40677
97. 4 1272038 1298956 663 7350 15878 662 82469 100148
98. 4 1325519 1395591 617 28727 52879 643 42116 89204
99. 4 1420060 1436141 644 40484 56844 619 36522 37951
100. 4 1423358 1484316 644 22181 54571 558 446 29139
101. 4 1490856 1501595 581 31235 39945 643 39066 41093
102. 5 67093 106121 640 35781 67230 568 11608 30184
103. 5 138573 167789 581 4949 14376 616 240 8693
104. 5 181119 189506 661 110329 112535 670 120146 124017
105. 5 192040 219211 668 41793 62685 630 57637 76563
106. 5 248224 271543 476 6569 15304 570 13406 19574
107. 5 270908 320810 570 7375 14044 451 1931 6817
108. 5 305592 336852 570 3274 13110 509 12959 20499
109. 5 327367 363349 509 2291 18142 537 14435 31480
110. 5 369100 391268 671 130434 144699 544 17616 26490
111. 5 415348 437133 598 38127 47182 577 25681 37033
112. 5 437543 446973 595 16356 21901 536 14629 18955
113. 5 449481 497189 636 16210 44188 642 53663 74718
114. 5 497958 548399 602 35136 47895 605 7057 34051
115. 5 540906 574007 605 25874 48513 508 3650 11384
116. 5 575313 641045 674 27087 77648 677 71550 89072
117. 5 668587 687403 576 32512 41175 650 36765 43446
118. 5 683534 733136 650 22165 40470 590 26788 57088
119. 5 730431 766468 590 12623 29538 669 14662 30711
120. 5 768206 791666 639 20449 36953 590 695 10663
121. 5 812397 866738 657 46998 86087 672 18523 42085
122. 5 894838 916224 516 63 18916 603 50042 52733
123. 5 905166 927270 516 10562 22358 560 34719 42378
124. 5 932380 957546 461 510 7646 618 47274 59141
125. 5 951130 972798 618 56069 64460 497 4825 16497
126. 5 991530 1013618 551 646 13283 630 82003 92349
127. 5 1020231 1032918 521 15816 23236 630 76865 81461
128. 5 1031665 1043077 521 10486 17045 631 63317 68397
129. 5 1043203 1068619 678 112858 130743 521 3286 8038
130. 5 1069449 1080767 632 2679 5517 678 37778 46348
131. 5 1082142 1215682 678 46617 108796 632 5945 92345
132. 5 1252182 1264357 678 276728 286776 660 64840 67468
133. 5 1270964 1308908 678 255782 271663 650 77076 98776
134. 5 1309385 1357099 661 112733 132913 678 228478 255618
135. 5 1438285 1463345 643 4695 20834 604 11648 19225
136. 6 30927 67795 623 11998 38628 569 5269 15326
137. 6 75236 87819 623 599 8607 631 1496 7763
138. 6 86725 136104 631 6636 28814 675 173 30478
139. 6 137634 163627 631 29644 37826 504 12071 24598
140. 6 172432 182149 666 23815 30653 485 7161 10064
141. 6 192112 211584 676 113715 117390 607 659 18000
142. 6 205827 219279 607 12456 18993 613 32742 38761
143. 6 225395 244186 607 20778 34370 599 12155 17499
144. 6 248890 279522 607 38618 61541 670 117017 119754
145. 6 302182 332716 610 5969 14133 675 135176 148174
146. 6 318194 382666 675 119355 146033 648 4461 26450
147. 6 374123 455408 648 19359 68615 663 42653 73224
148. 6 434195 472892 648 49488 80737 548 4630 12197
149. 6 479908 506951 573 25434 36068 548 14522 23823
150. 6 537096 550963 546 23421 29845 518 11748 18035
151. 6 565211 588672 550 5797 21414 542 5772 8581
152. 6 601480 610383 604 24415 30022 644 19994 22130
153. 6 617226 642953 572 6307 16956 525 2116 12773
154. 6 643237 672738 670 87013 108685 661 97309 105139
155. 6 699044 754628 603 19585 42041 596 18661 55432
156. 6 751956 770193 596 6097 20497 459 5697 9721
157. 6 796555 832910 674 130951 145698 561 15620 37052
158. 6 858143 879715 657 110895 124410 462 1128 6613
159. 6 893564 919846 678 206688 227709 519 1750 8176
160. 6 920547 944638 642 16382 24519 636 65364 80475
161. 6 942194 970063 636 78187 85250 678 167919 186375
162. 6 967691 988599 678 183884 200272 636 86801 92444
163. 6 1002844 1032330 642 30631 52499 636 44552 53939
164. 6 1050879 1058530 637 44911 48305 598 17133 24517
165. 6 1055736 1080404 598 3836 23476 645 67336 85951
166. 6 1094317 1108425 645 51525 57003 536 2319 9082
167. 6 1122321 1144174 536 9892 14062 645 33270 47491
168. 6 1149445 1161465 642 87536 94942 636 12500 15499
169. 6 1161801 1173822 636 2741 10550 642 95236 101078
170. 6 1171245 1204906 642 98281 114641 475 1372 11901
171. 6 1207203 1221587 495 942 11684 474 4721 10704
172. 6 1265767 1281971 530 14973 24379 620 2578 8830
173. 6 1281249 1322726 620 8114 29010 580 36428 55394
174. 6 1325151 1356262 580 13354 35931 552 7055 25074
175. 6 1357590 1389896 668 62873 86667 630 43954 57146
176. 6 1385113 1395614 668 81391 89091 548 899 3881
177. 6 1394343 1467317 668 87853 133311 575 7286 42277
178. 6 1468098 1484400 645 22997 28023 581 18551 29193
179. 6 1489345 1518062 617 12555 25270 654 18168 34020
180. 6 1519346 1606667 659 21511 67857 641 15755 59837
181. 7 28632 86250 621 8611 54137 628 5536 21466
182. 7 81486 103356 621 49378 65513 609 48521 59779
183. 7 101521 111550 621 64257 67490 645 1450 2713
184. 7 125972 156709 645 3299 17012 674 4670 22641
185. 7 194153 234399 587 12038 31220 549 4846 24738
186. 7 234881 255051 587 39559 51600 656 597 9610
187. 7 250460 262337 656 4757 13223 555 3760 6723
188. 7 258857 295431 656 9895 29806 676 86047 94164
189. 7 286341 319922 656 23452 41982 638 328 11078
190. 7 324168 376166 529 6767 26699 656 42185 81370
191. 7 354359 402215 656 61508 97731 436 530 3906
192. 7 404787 419042 656 98009 108928 555 253 2884
193. 7 412304 446461 656 102495 120133 668 16267 39679
194. 7 440283 457123 668 32380 41573 631 71566 78585
195. 7 478755 525146 630 371 36708 458 346 9001
196. 7 505411 545965 630 16649 42025 572 25790 40727
197. 7 533755 549906 572 23073 37049 663 86230 87404
198. 7 585983 613044 628 35912 53527 663 96849 109653
199. 7 615951 628388 646 34596 41453 646 1986 9084
200. 7 640089 688187 620 54627 77649 627 3621 25388
201. 7 690275 710451 627 25899 36812 665 87850 92354
202. 7 713923 849997 665 2475 86484 627 38542 98728
203. 7 857050 869787 454 1164 6672 609 919 6100
204. 7 872129 896568 609 6956 21864 578 6132 17222
205. 7 895162 906700 609 20389 25730 578 24618 27245
206. 7 919304 938645 561 9592 14650 674 114951 130115
207. 7 944286 986729 528 6664 30495 522 14721 29560
208. 7 1031601 1093525 571 3738 47191 591 18462 57903
209. 7 1110501 1147204 672 144535 164964 591 1303 17250
210. 7 1143024 1159386 672 140375 148902 445 3340 6023
211. 7 1156678 1206243 672 113658 143056 503 736 19677
212. 7 1212527 1246911 507 1280 17028 619 9650 29313
213. 7 1284720 1299438 677 1454 6974 660 113055 123693
214. 7 1302699 1326248 639 81027 99023 583 39719 45671
215. 7 1330352 1358061 574 1228 19921 480 2304 7084
216. 7 1366743 1404125 678 144454 165001 541 1325 28277
217. 7 1407918 1423683 611 26919 34189 523 21151 27241
218. 7 1424922 1453085 650 1526 20002 611 10432 26432
219. 7 1454815 1464086 661 14847 24697 634 26303 28225
220. 7 1495922 1542892 565 10667 33947 613 39937 66225
221. 7 1534396 1554764 613 60685 71365 463 3845 6905
222. 7 1547619 1563881 613 66544 74260 639 1059 6092
223. 7 1576512 1664230 629 10757 55849 672 65059 101293
224. 8 57753 94133 653 91013 104489 599 29667 54887
225. 8 113798 176929 560 1589 32424 592 5155 45183
226. 8 175829 189946 560 31336 33773 592 47015 52130
227. 8 191540 226873 618 17607 44616 501 6270 14408
228. 8 228747 242578 637 21812 28748 651 73281 83230
229. 8 245136 280563 651 83539 97276 637 1413 21578
230. 8 279697 299754 651 96386 105763 477 1938 14321
231. 8 317431 355798 658 5882 27109 674 150330 173946
232. 8 356036 438429 585 16976 57274 658 29383 73482
233. 8 445934 466702 557 1975 12927 658 74816 88021
234. 8 465998 499734 557 12115 24475 595 726 13769
235. 8 498715 514327 557 23423 34019 457 730 5617
236. 8 514352 537692 486 812 13143 490 1810 11100
237. 8 542052 583611 674 175108 190632 678 638 21116
238. 8 580087 606035 678 17577 34206 585 1637 12785
239. 8 608218 629506 639 71968 78741 583 22683 34503
240. 8 630668 655633 660 101921 111570 677 10781 23890
241. 8 654884 704317 660 74173 102592 677 25636 54403
242. 8 736894 750159 566 22861 33086 639 39190 44067
243. 8 750413 765294 674 86996 90055 661 36106 53867
244. 8 777657 800727 576 19159 30389 600 3124 8345
245. 8 819533 852346 597 37229 57697 624 48603 65688
246. 8 855476 878361 563 2221 14989 622 18402 25049
247. 8 893051 914133 595 38595 41552 469 1638 7880
248. 8 912880 931143 595 32334 39845 563 22910 36299
249. 8 929775 951772 563 18094 24152 622 4788 17551
250. 8 1017096 1027827 603 6390 10608 655 9051 15180
251. 8 1032695 1086512 655 17608 35566 675 37080 86128
252. 8 1160383 1191788 614 30344 47920 634 5329 11439
253. 8 1202354 1212175 675 94011 104872 676 26915 30164
254. 8 1212915 1230343 645 87492 101570 675 110091 117859
255. 8 1232141 1249699 676 33211 41902 500 1996 7950
256. 8 1246601 1272922 676 38655 50684 670 1461 18230
257. 8 1283834 1302604 484 5055 12689 537 2051 12512
258. 8 1317079 1343694 671 119404 129752 589 28929 45731
259. 8 1346402 1361592 657 88163 99006 612 53934 62592
260. 8 1363510 1376652 657 100883 108781 612 63060 67207
