>Zrouxii$
1. 1 2 3 4 5 6 7 8 9 10 11 12 13 14 15 16 17 18 19 20 21 22 23 24 25 26 27 28 29 30 31 32 33 $
2. 34 35 36 37 38 39 40 41 42 43 44 45 46 47 48 49 50 51 52 53 54 55 56 57 58 59 60 61 62 63 64 65 66 67 68 69 70 71 72 $
3. 73 74 75 76 77 78 79 80 81 82 83 84 85 86 87 88 89 90 91 92 93 94 95 96 97 98 99 100 101 102 103 104 105 106 107 108 109 110 111 112 113 114 115 116 117 118 119 120 121 122 123 $
4. 124 125 126 127 128 129 130 131 132 133 134 135 136 137 138 139 140 141 142 143 144 145 146 147 148 149 150 151 152 153 154 155 156 157 158 159 160 161 162 163 164 165 166 167 168 169 170 171 172 173 $
5. 174 175 176 177 178 179 180 181 182 183 184 185 186 187 188 189 190 191 192 193 194 195 196 197 198 $
6. 199 200 201 202 203 204 205 206 207 208 209 210 211 212 213 214 215 216 217 218 219 220 221 222 223 224 225 226 227 228 229 230 231 232 233 234 235 236 237 238 239 240 241 242 243 244 $
7. 245 246 247 248 249 250 251 252 253 254 255 256 257 258 259 260 261 262 263 264 265 266 267 268 269 270 271 272 273 274 275 276 277 278 279 280 281 282 283 284 285 286 287 288 289 290 291 292 293 294 295 296 297 298 299 $

>Kpolysporus$
1000. 245 -53 $
1001. -67 -66 -65 -64 $
1002. -63 -39 -194 -193 -265 -252 -298 -297 -284 -114 -267 -266 -115 $
1003. 3 127 128 4 5 6 $
1004. -29 160 161 288 $
1005. 112 113 $
1006. 118 -179 $
1007. 266 -8 $
1008. -125 -246 $
1009. 163 164 165 170 96 $
1010. -232 -231 -289 -235 -274 -273 -204 -203 -68 13 $
1011. -208 $
1012. 210 216 $
1013. 217 -201 -200 256 124 125 -290 $
1014. -66 -183 81 82 105 241 $
1015. 242 $
1016. -225 131 205 -285 -296 $
1017. 149 $
1018. 146 147 90 -38 -37 -36 -91 15 71 30 42 43 234 -246 -111 -110 -122 -293 249 -254 248 $
1019. -176 -213 -212 $
1020. -100 77 78 79 80 115 -178 $
1023. 206 93 25 -112 -288 91 -161 -160 -254 $
1024. -53 -83 -33 132 $
1025. -60 25 -272 -271 -270 $
1026. -269 -268 263 -299 $
1027. -258 295 $
1028. -173 -172 144 145 146 141 184 -290 74 286 $
1029. -55 178 $
1030. -84 -83 74 286 -41 -40 $
1031. -17 -130 -131 292 26 27 -8 219 220 $
1032. -95 -94 46 -262 283 59 60 61 270 -268 -23 -22 106 $
1033. 287 170 -140 252 265 249 $
1035. 162 54 294 -257 -207 $
1036. 9 48 -11 12 298 -139 226 236 237 $
1037. -14 -13 93 94 -92 -11 -10 -9 $
1038. -82 $
1039. -81 3 127 -4 -128 5 -119 -118 257 258 259 45 $
1040. -134 -133 136 137 138 $
1041. 101 102 103 -24 263 -299 $
1042. -92 162 -52 $
1043. -251 -22 -21 -20 218 -7 -6 84 85 282 -261 $
1044. 138 -34 -102 -232 $
1045. -231 -234 -43 -14 12 95 $
1046. -24 $
1048. 259 260 -227 28 -240 -239 -238 -33 132 186 187 $
1049. -73 $
1050. -184 -183 195 -273 -204 -203 -68 108 -45 -44 -124 $
1051. 269 150 -287 $
1052. -277 -276 -192 -65 $
1053. -10 -47 -267 -50 -49 -48 -47 $
1054. 50 103 104 105 241 247 248 $
1055. -152 -151 -19 35 59 -64 -63 -62 $
1056. -190 -247 181 182 35 36 $
1057. -174 $
1058. 206 207 208 209 -23 -250 $
1059. 256 -211 -215 18 58 $
1060. 75 147 90 -194 274 275 126 129 $
1061. -87 188 -210 -271 -182 $
1062. -108 255 -225 -272 $
1063. -168 -167 $
1064. 191 -202 230 224 -16 86 31 $
1065. -134 -117 -116 -278 -277 $
1066. 54 294 295 77 96 $
1067. -143 -142 -181 -180 $
1068. -281 $
1069. -280 -189 $
1070. 264 -169 -168 $
1071. 133 276 $
1072. -230 -217 -216 -215 -214 -228 -72 $
1073. 174 175 176 199 -180 $
1074. -239 $
1075. 61 $
1076. 78 $
147. 98 $
154. 221 $
161. -79 $
167. 80 $
181. 202 $
182. 166 $
185. -201 $
186. -157 $
193. -219 $
197. 191 $
2000. 236 -100 212 243 244 $
2001. -129 -126 291 171 109 123 213 229 -261 $
2002. -244 -243 -123 -109 -171 -291 -58 -57 -56 $
209. 152 153 $
218. -158 $
223. 177 $
224. -233 $
228. -193 $
233. 137 $
242. 28 -240 $
251. -192 $
259. 97 $
262. 199 200 $
264. 116 $
265. -245 $
269. 27 $
282. 296 $
284. -122 $
286. -159 $
289. -145 $
292. -278 $
295. -189 $
297. -293 $
298. -143 $
299. 223 $
303. -70 $
309. -2 -1 $
312. 148 $
316. 136 $
325. -144 172 $
328. 253 $
333. -220 $
337. -51 $
339. 113 150 $
340. 85 86 87 $
344. 29 226 $
345. 163 156 $
348. 37 38 39 $
354. -209 $
359. -111 $
361. 279 $
363. 158 159 $
364. 153 157 $
365. -151 -19 -18 $
367. -135 $
370. 211 $
376. 117 $
380. 197 $
385. -188 32 $
387. -99 $
388. 264 $
392. 76 $
397. -238 -237 $
400. 104 $
401. 166 167 $
411. -99 -98 -97 $
413. 224 -16 $
423. -195 $
431. -251 $
440. -255 154 $
448. -130 $
455. -1 $
457. 222 223 -185 $
458. 173 $
460. 196 190 $
461. 88 -175 $
463. 285 -205 $
467. 250 $
472. 51 52 $
473. 110 69 70 107 $
478. -34 -57 89 -169 $
479. 227 228 41 42 46 $
480. 149 -233 -101 $
483. 62 $
487. -186 -185 187 $
489. -198 -282 -30 -71 $
495. 155 156 15 49 $
499. -32 148 -253 $
505. 55 72 -260 -44 $
507. -198 -197 -196 $
513. 221 222 -142 -141 -75 $
520. -289 -235 -67 $
526. -21 121 31 -262 283 107 69 $
529. -26 242 $
530. 17 -214 -40 -229 89 -165 $
534. 7 -218 20 -120 -297 -284 -114 177 88 -56 $
538. -121 -120 -119 275 135 -73 $
541. 279 280 281 -2 -179 292 $
543. 154 155 164 -76 -140 -139 106 $


# markers coordinates
1. 1 30948 44092 455 2002 10871 309 13389 19916
2. 1 44383 68146 541 51841 77561 309 1360 12673
3. 1 72981 148399 1003 2428 50124 1039 18190 82038
4. 1 150103 159509 1003 85833 97195 1039 99859 104201
5. 1 156967 173234 1003 94479 107478 1039 135833 141039
6. 1 167059 193831 1003 100704 124757 1043 68986 76396
7. 1 193301 218489 1043 61639 69513 534 2896 23111
8. 1 218642 243149 1031 159123 180416 1007 17289 28675
9. 1 275129 297086 1037 136897 149833 1036 9854 21723
10. 1 298141 309273 1053 749 8252 1037 128841 134578
11. 1 306295 339406 1037 108570 132563 1036 62450 92053
12. 1 348276 402722 1045 133012 164461 1036 92633 142460
13. 1 403183 421268 1010 163454 175481 1037 12601 19649
14. 1 415946 440329 1037 2152 18273 1045 113542 129919
15. 1 441743 461717 495 24976 39060 1018 186178 198921
16. 1 466591 501123 1064 74841 93969 413 15830 40170
17. 1 502230 531740 530 3745 26101 1031 20576 36218
18. 1 533368 550488 1059 70588 92723 365 25153 32847
19. 1 550964 574811 1055 30639 41374 365 9615 21181
20. 1 575254 597015 534 33101 43872 1043 42522 51056
21. 1 592998 614998 1043 28034 46680 526 7574 15523
22. 1 621018 654045 1043 6232 27518 1032 152309 175833
23. 1 651760 663150 1032 150052 156859 1058 138933 146871
24. 1 668561 696477 1041 51977 82369 1046 6069 24381
25. 1 699898 721059 1025 24731 34783 1023 59511 72273
26. 1 743360 789785 1031 117935 138368 529 1925 44385
27. 1 791893 821542 269 1 18466 1031 140048 152790
28. 1 842988 851625 1048 92058 99071 242 761 4775
29. 1 878270 922453 344 162 4734 1004 1 20681
30. 1 923141 954359 489 35925 45390 1018 205615 233642
31. 1 959715 966916 526 41871 46589 1064 106501 108517
32. 1 974279 998369 385 14827 31772 499 30272 47899
33. 1 1025863 1068167 1024 78332 114575 1048 140448 169273
34. 2 68798 91647 1044 36316 54828 478 442 24601
35. 2 92729 104977 1055 53408 60243 1056 82449 88406
36. 2 100607 125361 1056 84006 112419 1018 145310 161730
37. 2 134775 151701 348 1556 12458 1018 128235 139662
38. 2 154562 170173 348 13865 22631 1018 92792 124861
39. 2 169589 188077 348 21978 29110 1002 21450 35283
40. 2 216049 228429 530 40126 50331 1030 95427 103358
41. 2 229241 253600 1030 68892 93168 479 36215 44836
42. 2 253833 272996 479 45051 48887 1018 233924 247298
43. 2 269277 344430 1018 244116 290802 1045 38003 97371
44. 2 350069 370969 505 83512 92671 1050 221828 237718
45. 2 361427 377770 1050 220972 233930 1039 193282 200726
46. 2 395546 428898 1032 24479 54119 479 49227 60981
47. 2 429144 445089 1053 9080 22057 1053 91841 97716
48. 2 440556 496218 1053 60075 96817 1036 23979 61724
49. 2 490609 516946 1053 43756 64547 495 74917 81889
50. 2 516080 545521 1053 33028 44703 1054 1123 26332
51. 2 577628 608556 472 3044 39296 337 5007 18712
52. 2 607633 628556 472 38370 47746 1042 34979 52944
53. 2 666600 697842 1024 16056 28999 1000 43892 64886
54. 2 700461 734936 1035 21471 51698 1066 12125 23744
55. 2 737365 768936 1029 1002 19830 505 572 37456
56. 2 783526 822406 534 129416 156160 2002 241958 264307
57. 2 820264 855108 2002 217762 244360 478 30026 59852
58. 2 858531 867417 1059 94050 96549 2002 203582 217133
59. 2 869260 905188 1055 78247 115052 1032 90576 105781
60. 2 904229 917921 1032 104789 110072 1025 4571 15902
61. 2 918547 949874 1032 111076 124707 1075 1 20494
62. 2 967535 1026681 483 19073 56576 1055 195253 231154
63. 2 1027933 1040765 1055 177843 188926 1002 2576 9872
64. 2 1039950 1086134 1055 121274 178793 1001 78022 83542
65. 2 1089862 1108698 1052 88398 109338 1001 73051 75567
66. 2 1110636 1123079 1014 244 4897 1001 63130 72046
67. 2 1118805 1207852 1001 8057 67461 520 54060 109921
68. 2 1220207 1260233 1050 111270 144677 1010 129639 151743
69. 2 1264558 1285106 526 106909 123514 473 21177 37150
70. 2 1284048 1299285 473 36089 49866 303 3836 17006
71. 2 1299427 1307162 489 50840 61879 1018 203011 205072
72. 2 1308101 1321963 1072 126281 133768 505 42259 54194
73. 3 25627 67634 538 82776 120551 1049 9037 34703
74. 3 69331 74693 1028 227568 230044 1030 42150 45926
75. 3 78422 100898 1060 1850 12766 513 78405 94277
76. 3 101140 148564 543 78246 98923 392 1 32898
77. 3 163475 187949 1020 33477 47427 1066 64176 79428
78. 3 206734 215881 1076 138 10518 1020 61754 64306
79. 3 216325 224324 161 1 4246 1020 65598 70309
80. 3 223476 230179 1020 69128 72418 167 333 4472
81. 3 230414 245273 1014 23928 36069 1039 486 4437
82. 3 240321 291342 1014 30466 64989 1038 16387 47660
83. 3 296787 319447 1024 57277 71161 1030 10263 26684
84. 3 325093 337261 1043 92207 98950 1030 551 6324
85. 3 334359 344762 1043 95908 101669 340 378 5245
86. 3 342717 356349 340 3233 10549 1064 95468 105123
87. 3 356459 369435 1061 51386 58439 340 11988 20812
88. 3 378230 391329 461 4643 15740 534 119649 128137
89. 3 391520 401967 530 99192 108973 478 61375 64656
90. 3 415683 452729 1060 38802 56381 1018 43454 76496
91. 3 496188 511485 1023 126232 134034 1018 163688 181219
92. 3 517467 538476 1037 85249 106548 1042 2298 9441
93. 3 546792 575544 1037 26014 52533 1023 45704 54024
94. 3 567967 598380 1037 44216 73127 1032 12295 23656
95. 3 595546 609126 1032 3761 15192 1045 167094 178904
96. 3 623406 632749 1066 91933 103612 1009 61482 65288
97. 3 636348 654911 411 22692 36253 259 2949 16458
98. 3 654969 663034 147 35 4352 411 19085 21763
99. 3 663988 693765 387 5870 31574 411 1653 18917
100. 3 698255 724627 1020 2376 29313 2000 9924 27720
101. 3 728087 736698 1041 16735 26135 480 70276 72860
102. 3 735760 752934 1041 25272 38427 1044 56564 66812
103. 3 747069 760727 1041 31884 49672 1054 51656 55008
104. 3 768927 800701 1054 64906 83057 400 3149 18026
105. 3 798905 822353 1054 81309 95747 1014 65303 80898
106. 3 823644 850276 543 153839 177906 1032 190967 202618
107. 3 859291 884312 526 76067 103852 473 61531 63526
108. 3 890040 924532 1050 167894 194123 1062 1522 18512
109. 3 946320 968194 2001 127016 139841 2002 115393 128260
110. 3 968549 990073 1018 356768 376686 473 1284 7670
111. 3 990998 1028692 1018 337264 354166 359 1013 27540
112. 3 1084514 1110082 1005 456 9846 1023 73173 99557
113. 3 1111919 1131161 339 6897 17833 1005 13821 30029
114. 3 1134640 1152928 1002 237922 255882 534 81628 84999
115. 3 1170614 1207640 1002 283671 307221 1020 74155 91972
116. 3 1224660 1233341 264 14512 19198 1065 74947 79804
117. 3 1233784 1281012 376 175 31359 1065 46754 74617
118. 3 1285279 1297734 1006 22512 34680 1039 162499 165646
119. 3 1299620 1311159 1039 142499 160857 538 31742 38998
120. 3 1318031 1331980 534 44769 49388 538 17745 29958
121. 3 1329224 1362877 538 3870 20915 526 16188 37136
122. 3 1375873 1389724 1018 377497 382904 284 1325 15815
123. 3 1390088 1415331 2001 140696 171377 2002 104741 114350
124. 4 72410 101844 1013 74035 105835 1050 239086 246254
125. 4 96840 158728 1013 99135 148197 1008 1125 38187
126. 4 167354 177982 2001 35224 46518 1060 121887 124866
127. 4 180577 195751 1039 82489 98024 1003 51990 64079
128. 4 196633 229688 1039 105921 134739 1003 67857 85240
129. 4 230654 258934 2001 16246 33937 1060 126120 143966
130. 4 260954 303698 448 372 45923 1031 58757 83269
131. 4 307515 316468 1031 83945 92056 1016 27192 30892
132. 4 317703 332090 1048 172720 181422 1024 115961 124765
133. 4 341949 370431 1040 14544 26934 1071 1 26156
134. 4 370627 384787 1065 19064 26293 1040 5167 14105
135. 4 407609 424338 367 892 13689 538 68774 80975
136. 4 430819 448592 1040 27948 37472 316 7654 22436
137. 4 448819 472616 1040 37713 54497 233 1 10179
138. 4 471717 491128 1040 53598 70075 1044 4910 20407
139. 4 495428 523867 1036 161109 184546 543 129664 141194
140. 4 534424 581534 1033 31798 69250 543 106995 119326
141. 4 594831 640961 1028 140309 174173 513 58002 76309
142. 4 642360 678654 1067 14038 35524 513 32164 57811
143. 4 679071 689122 298 667 5314 1067 2503 10007
144. 4 690941 732390 325 1290 12105 1028 82642 115623
145. 4 733481 747709 289 8252 16685 1028 124202 133983
146. 4 751141 756608 1018 13181 16888 1028 134667 139868
147. 4 755964 788602 1018 16250 43073 1060 20589 38455
148. 4 790847 819640 312 1649 25586 499 55648 72755
149. 4 822060 851901 480 15455 36582 1017 17411 29831
150. 4 852141 859137 1051 10484 12103 339 17930 24184
151. 4 860458 876500 365 24 4874 1055 7145 19438
152. 4 867776 887889 1055 663 16709 209 1823 7696
153. 4 886303 896087 209 6087 8833 364 16 6904
154. 4 930195 962149 440 17159 35564 543 8173 30741
155. 4 960065 972974 543 28334 39248 495 18676 22959
156. 4 971487 979959 495 21433 23654 345 20870 27737
157. 4 980081 991822 364 14730 22239 186 87 7227
158. 4 1003647 1022165 218 238 9972 363 438 4257
159. 4 1021530 1043800 363 3610 20512 286 1263 15355
160. 4 1059795 1176906 1023 148920 233849 1004 41725 126483
161. 4 1176439 1187744 1023 137166 149378 1004 128824 132257
162. 4 1188615 1208251 1042 9848 29014 1035 13789 18607
163. 4 1210961 1226489 345 1863 11517 1009 1438 13706
164. 4 1231299 1256140 1009 16801 31247 543 43627 58354
165. 4 1249914 1267685 1009 25508 41821 530 109747 120555
166. 4 1288782 1298113 182 678 4904 401 14991 23363
167. 4 1296067 1330597 401 21214 40254 1063 21717 51989
168. 4 1333739 1371329 1070 46652 83912 1063 3007 21463
169. 4 1368801 1383152 1070 37139 49456 478 65278 68885
170. 4 1389362 1399940 1009 48199 56051 1033 16406 27394
171. 4 1402514 1419208 2002 129140 144277 2001 116148 125300
172. 4 1420126 1441958 1028 45186 70930 325 15675 21283
173. 4 1446153 1461799 458 1 6793 1028 27399 44514
174. 5 34682 53504 1057 428 13520 1073 2059 6132
175. 5 54938 71353 461 34721 43814 1073 7885 19187
176. 5 69922 114142 1073 17626 39274 1019 1223 24168
177. 5 114616 146066 534 93615 114390 223 307 11512
178. 5 146255 163944 1020 98947 127353 1029 20326 26977
179. 5 178826 193963 1006 38965 55933 541 134533 141559
180. 5 230333 246614 1073 56893 67039 1067 69586 77350
181. 5 244074 268449 1067 50848 72255 1056 52870 60729
182. 5 267206 284129 1056 59302 74489 1061 139456 143499
183. 5 301742 327577 1014 9030 22680 1050 34788 47087
184. 5 328509 343218 1050 3799 15617 1028 187437 194066
185. 5 344989 354439 487 37021 45607 457 25969 42565
186. 5 362881 380889 1048 182096 199557 487 31003 36873
187. 5 379654 398461 1048 198298 212532 487 46135 58394
188. 5 399318 410519 1061 58801 66979 385 362 3630
189. 5 419461 434438 1069 24455 38197 295 6161 16009
190. 5 449379 489820 1056 2079 35382 460 38552 52511
191. 5 496299 511869 1064 12058 22833 197 1862 6837
192. 5 515664 531153 251 56 9288 1052 60008 78467
193. 5 537225 612434 228 611 10926 1002 66428 134028
194. 5 561794 644723 1002 35647 115056 1060 61507 81926
195. 5 673465 709297 423 928 34600 1050 48007 68252
196. 5 715937 751864 460 707 37949 507 60204 72543
197. 5 751942 776068 380 7360 22870 507 46890 59285
198. 5 774077 785757 507 40559 49046 489 18620 24028
199. 6 54556 65691 262 224 8391 1073 40702 52382
200. 6 66729 76227 1013 53088 55973 262 9605 17873
201. 6 75523 85910 1013 36041 53894 185 1614 6233
202. 6 86570 99159 181 413 6709 1064 23366 30123
203. 6 120146 132037 1050 95908 101684 1010 110999 120667
204. 6 126313 137055 1050 94779 99249 1010 101192 112690
205. 6 145921 162958 463 29915 42216 1016 36309 40777
206. 6 180280 239692 1023 3670 41823 1058 33283 50358
207. 6 240381 274569 1035 76084 122496 1058 52752 65922
208. 6 274828 350005 1011 1145 48431 1058 67230 117569
209. 6 355401 381164 354 4521 25572 1058 119816 130334
210. 6 419333 430919 1061 82882 94197 1012 604 5579
211. 6 431373 455801 1059 35836 52157 370 7329 17460
212. 6 467786 478560 1019 61016 75256 2000 29208 32058
213. 6 476413 501810 1019 29631 63517 2001 171777 177524
214. 6 502106 529555 530 28383 39498 1072 89093 110503
215. 6 530006 553300 1059 53861 68598 1072 70071 88573
216. 6 549938 586192 1072 42308 73874 1012 5766 27931
217. 6 579706 633561 1072 11348 49328 1013 54 33229
218. 6 633692 650488 534 23545 32598 1043 51825 61034
219. 6 655021 674395 1031 180693 196735 193 1 5871
220. 6 673121 689533 1031 195365 200516 333 893 25279
221. 6 690443 700154 154 432 3156 513 79 11942
222. 6 701514 723728 513 12480 31351 457 2325 5166
223. 6 725016 751558 299 1970 17995 457 7493 19502
224. 6 755837 775760 1064 56777 73998 413 1849 15365
225. 6 798821 825735 1016 4946 24354 1062 55671 72501
226. 6 843429 865548 1036 189457 200980 344 5351 20306
227. 6 866249 881686 1048 75760 84906 479 1212 12958
228. 6 877995 907813 479 9147 34840 1072 111820 125132
229. 6 934451 963855 530 71285 98945 2001 185153 197283
230. 6 964265 985910 1072 686 5922 1064 31385 54350
231. 6 994273 1020121 1010 11547 28884 1045 274 14378
232. 6 1015521 1026466 1010 7445 16965 1044 68048 76854
233. 6 1028171 1042127 224 931 10369 480 57636 66835
234. 6 1059094 1073521 1045 25479 36048 1018 297316 307856
235. 6 1078127 1106035 520 29518 51465 1010 55113 65658
236. 6 1131814 1157003 1036 208850 231821 2000 1 3110
237. 6 1144831 1191235 1036 218148 254815 397 15635 41140
238. 6 1202443 1212146 1048 115390 123215 397 565 7558
239. 6 1211325 1220633 1048 110204 116202 1074 63 3835
240. 6 1219599 1235638 1048 99936 111455 242 5414 13335
241. 6 1238333 1253612 1054 99595 112238 1014 81164 86883
242. 6 1253860 1298014 1015 1964 31174 529 59125 78334
243. 6 1425570 1501915 2000 181752 236743 2002 45930 103474
244. 6 1502682 1534383 2002 3611 43778 2000 240660 242520
245. 7 30608 43831 1000 31026 41050 265 4826 15392
246. 7 48668 64982 1008 47628 61790 1018 325215 336256
247. 7 136404 153403 1056 36274 43744 1054 116732 131490
248. 7 146015 187553 1054 124114 151013 1018 448471 475298
249. 7 190261 217736 1018 408890 428802 1033 136243 163398
250. 7 222200 249486 467 30228 56632 1058 149616 152768
251. 7 249502 267064 1043 1441 5869 431 21043 39061
252. 7 271038 287969 1033 76702 83164 1002 195739 205803
253. 7 307633 327141 499 74796 77949 328 673 16963
254. 7 332525 343077 1018 432391 442460 1023 248166 253141
255. 7 347602 358784 440 2833 14484 1062 31361 38881
256. 7 368774 387135 1013 59825 70596 1059 10818 22848
257. 7 425580 434156 1035 68426 72838 1039 166834 171449
258. 7 435657 448997 1027 36556 44974 1039 171605 186773
259. 7 448893 455786 1039 186672 191575 1048 15608 20799
260. 7 454504 518566 1048 19222 69768 505 55992 83027
261. 7 519877 534373 1043 141962 153303 2001 199741 209306
262. 7 542611 554471 1032 54437 61582 526 58012 64962
263. 7 563726 580774 1026 30466 51564 1041 100204 108386
264. 7 609766 647400 1070 3357 22554 388 2510 26939
265. 7 653827 714661 1002 150289 194572 1033 84665 129165
266. 7 715926 730165 1002 270434 275712 1007 5557 14649
267. 7 726070 737895 1002 263412 274904 1053 24909 30890
268. 7 750044 760106 1026 9461 19992 1032 144169 147774
269. 7 757119 771838 1026 1 13622 1051 1800 6582
270. 7 772244 812577 1032 126409 143825 1025 104879 134044
271. 7 805645 852027 1025 86268 111108 1061 95721 128025
272. 7 850978 907249 1025 62202 87320 1062 75278 118670
273. 7 909992 935031 1010 93473 98228 1050 69445 94511
274. 7 935438 964259 1060 86412 108502 1010 79776 93101
275. 7 961357 976111 1060 105250 115149 538 39404 43882
276. 7 979009 992690 1052 28568 39311 1071 28158 35611
277. 7 989838 1027722 1052 1 31387 1065 109437 126857
278. 7 1035873 1047512 292 2593 18036 1065 85860 87119
279. 7 1081956 1087699 361 966 5675 541 12716 14816
280. 7 1086392 1124394 541 13458 39218 1069 123 19768
281. 7 1118705 1149786 541 31305 42899 1068 2343 22344
282. 7 1153270 1174063 489 26766 35389 1043 122140 139784
283. 7 1176171 1191873 1032 69806 90524 526 65788 67637
284. 7 1196723 1206939 534 70956 81164 1002 234755 237366
285. 7 1208673 1247721 463 1134 28687 1016 41354 57252
286. 7 1262430 1281564 1030 46340 64521 1028 231216 234579
287. 7 1314188 1352992 1051 18109 51079 1033 1 12930
288. 7 1366070 1399949 1004 136693 159739 1023 102228 125525
289. 7 1417239 1450825 520 1 29021 1010 34878 54458
290. 7 1452161 1493431 1028 197112 226361 1013 153687 202983
291. 7 1494235 1562237 2001 48908 110505 2002 151459 188140
292. 7 1563386 1592689 1031 93761 102513 541 141826 167691
293. 7 1652252 1685020 297 2732 23991 1018 392206 407017
294. 7 1686000 1710769 1066 25207 37047 1035 53205 67025
295. 7 1710873 1723366 1027 46518 52407 1066 37217 43181
296. 7 1759361 1776443 282 1910 19011 1016 57438 66941
297. 7 1778142 1797694 1002 218633 233112 534 55973 68246
298. 7 1790792 1814950 1002 210782 226133 1036 142840 154794
299. 7 1819436 1837770 1026 54090 66680 1041 110852 123713
