>Agossypii$
1. 1 2 3 4 5 6 7 8 9 10 11 12 13 14 15 16 17 18 19 20 21 22 23 24 25 26 27 28 29 30 31 $
2. 32 33 34 35 36 37 38 39 40 41 42 43 44 45 46 47 48 49 50 51 52 53 54 55 56 57 58 59 60 61 62 63 64 65 66 67 $
3. 68 69 70 71 72 73 74 75 76 77 78 79 80 81 82 83 84 85 86 87 88 89 90 91 92 93 94 95 96 97 98 99 100 101 102 $
4. 103 104 105 106 107 108 109 110 111 112 113 114 115 116 117 118 119 120 121 122 123 124 125 126 127 128 129 130 131 132 133 134 135 136 137 138 139 140 141 142 143 144 145 146 147 148 149 150 151 152 153 154 155 156 157 158 159 160 161 162 163 164 $
5. 165 166 167 168 169 170 171 172 173 174 175 176 177 178 179 180 181 182 183 184 185 186 187 188 189 190 191 192 193 194 195 196 197 198 199 200 201 202 203 204 205 206 207 208 209 210 211 212 213 214 215 216 217 218 219 220 221 222 223 224 225 226 $
6. 227 228 229 230 231 232 233 234 235 236 237 238 239 240 241 242 243 244 245 246 247 248 249 250 251 252 253 254 255 256 257 258 259 260 261 262 263 264 265 266 267 268 269 270 271 272 273 274 275 276 277 278 279 280 281 282 283 284 285 286 287 288 289 290 291 292 293 294 295 296 297 298 $
7. 299 300 301 302 303 304 305 306 307 308 309 310 311 312 313 314 315 316 317 318 319 320 321 322 323 324 325 326 327 328 329 330 331 332 333 334 335 336 337 338 339 340 341 342 343 344 345 346 347 348 349 350 351 352 353 354 $

>Cglabrata$
1. 284 335 246 285 85 -283 229 -189 190 229 -75 -74 209 210 70 96 260 -219 288 71 98 65 -302 -264 266 $
10. -87 86 45 -136 135 -340 127 -129 -128 130 131 81 -82 18 -91 200 201 177 178 179 242 -223 -222 -249 -248 256 -142 212 -1 -92 -111 112 113 -339 163 -32 294 295 -222 77 -95 141 142 -256 -281 39 104 115 -220 -224 243 -51 215 -353 -352 -12 -11 -10 -37 -36 -83 24 $
11. -226 -278 -293 180 72 73 166 58 -206 186 -154 -153 -208 -207 257 80 132 320 -50 -321 52 -47 -46 -167 259 260 -69 -68 -49 292 -34 -33 305 -94 148 296 342 -214 -282 -277 28 29 30 244 245 -46 -167 287 -106 -104 -103 -59 -58 -100 -45 15 5 6 7 225 275 351 77 162 -334 -333 70 96 189 -14 317 234 -39 281 -336 -47 -41 -40 326 -107 -255 97 66 67 $
12. -105 235 236 -163 -130 128 -272 274 -53 -52 320 321 -135 -134 -268 -90 -92 -111 112 -251 -250 155 -251 78 228 101 60 350 276 23 -342 343 17 138 -22 57 144 145 155 -100 -132 -80 -330 327 -125 -193 149 150 -231 -230 205 -188 -181 -180 293 223 -269 -42 324 -168 -16 -341 -76 93 -88 -346 -26 147 11 -233 -232 -20 216 217 218 290 202 -75 -210 -331 -330 -329 -308 -307 55 60 350 351 67 $
13. 42 43 44 -203 -202 185 -152 -151 -353 -275 254 -204 -313 -312 7 -91 -90 181 38 252 188 -205 -175 -123 -122 -314 316 291 -48 288 289 172 139 -239 -99 -338 64 337 171 120 120 -119 211 -280 -44 140 306 -54 -53 -72 182 183 184 88 89 -221 -173 301 94 305 -150 -345 -198 -50 -191 -19 -18 211 21 290 291 182 328 -327 158 -161 -160 159 162 131 81 -82 55 56 253 156 349 61 -299 $
2. -298 -297 -296 -295 -354 121 315 -329 328 126 38 -280 -279 -308 49 68 -179 -85 -84 348 -73 137 176 -114 -13 $
3. -183 59 103 -336 116 117 241 242 243 -303 265 -263 -262 -261 -225 -197 -19 -219 -343 -79 309 -134 -192 -191 -300 62 208 153 154 -186 34 -33 -32 $
4. -164 -200 -199 -198 -197 -196 -195 117 106 107 108 257 -259 -286 160 -315 -121 354 -43 -258 86 2 3 4 -201 237 -10 -9 119 51 31 21 17 138 -22 -127 340 341 -2 -4 274 -325 -322 -133 164 $
5. 309 310 -317 -316 314 122 123 175 83 -84 -335 -284 -283 -325 -322 -133 323 258 -79 25 -282 -277 313 204 -110 -109 158 -159 -239 -238 -237 -236 -87 $
6. -226 -278 -297 -157 -102 165 15 -66 -97 255 -287 -286 324 276 23 24 25 -146 151 -1 -5 -217 -216 218 62 14 -224 344 199 -143 194 -319 -318 56 -57 144 145 -76 93 -29 30 -245 -244 -230 -124 -174 213 253 156 349 285 -8 $
7. 299 -61 -246 -69 -116 118 166 -346 -26 147 148 267 -118 137 302 303 304 323 250 270 -227 -292 -247 332 35 35 36 37 248 157 161 78 114 227 347 -215 -214 -6 -48 -252 -310 -331 319 -115 -220 240 -348 -27 -345 -344 -169 $
8. 169 170 -63 233 234 235 8 9 -298 -273 185 -152 -212 311 -318 -241 -240 13 279 -203 231 -304 -146 195 -139 -172 -171 -337 -64 338 -102 165 -196 267 268 -105 -352 -12 -307 -306 -140 -266 264 265 -263 -221 -173 312 108 300 301 238 249 -273 -261 -3 -16 -136 192 -41 -40 326 -110 109 $
9. -28 -27 -149 89 -74 209 -272 187 -126 -125 294 -124 -174 -213 -101 -228 271 -187 -71 -95 141 -262 -168 -207 31 176 -65 -98 129 -54 20 232 -99 -184 170 -333 -332 247 254 -271 -270 -143 -194 -193 -206 63 334 347 -190 -178 -177 289 -311 -269 339 -113 $


# markers coordinates
1. 1 8108 14846 6 333955 340113 10 639077 642527
2. 1 35718 84065 4 522559 554370 4 317022 342586
3. 1 84528 100635 8 911146 919955 4 343595 350898
4. 1 100017 107222 4 350302 352706 4 560448 568502
5. 1 141617 160936 11 889559 899623 6 345084 359086
6. 1 161385 165699 7 706598 710267 11 899951 901326
7. 1 165127 185550 11 900862 911268 13 241386 253472
8. 1 202843 222620 8 115828 127302 6 879436 885076
9. 1 218958 251536 8 123328 151306 4 382689 398763
10. 1 256490 264978 10 1068578 1078322 4 376920 382356
11. 1 262402 273781 10 1061847 1070431 12 1126417 1129742
12. 1 268833 283566 10 1058824 1067086 8 706436 716766
13. 1 295617 339067 8 331303 369616 2 451396 479174
14. 1 348358 360308 6 472760 479584 11 1030055 1039063
15. 1 360822 370463 11 875357 881325 6 121015 127767
16. 1 371489 382098 12 1023487 1027637 8 929241 935815
17. 1 391187 402448 12 542849 550366 4 462407 467508
18. 1 418301 433038 13 1069787 1075735 10 336992 348964
19. 1 449372 456697 3 295005 299600 13 1061770 1068665
20. 1 460781 479870 12 1151884 1160783 9 527038 530369
21. 1 518095 524219 4 448106 456837 13 1091979 1094299
22. 1 526057 536910 4 469863 477369 12 555087 560045
23. 1 544522 563116 12 499667 512580 6 266337 275234
24. 1 562364 577207 6 274470 283517 10 1152662 1160797
25. 1 574796 586061 6 281010 288244 5 396810 401083
26. 1 586622 595678 12 1098507 1104847 7 174230 179001
27. 1 596007 615634 9 32511 41067 7 902228 916813
28. 1 615227 626884 9 26900 32921 11 647277 655035
29. 1 627130 637582 6 679960 688631 11 655617 663646
30. 1 640457 661149 11 664264 681161 6 689331 693255
31. 1 674647 684755 4 427971 438157 9 422462 424704
32. 2 12702 50621 10 706716 747830 3 536419 541559
33. 2 50694 75865 11 469984 494746 3 522565 533572
34. 2 75221 87042 11 463860 470607 3 512277 521838
35. 2 97049 110459 7 504344 510572 7 516813 533711
36. 2 106137 127771 7 528776 540838 10 1102695 1121642
37. 2 124839 147705 10 1084251 1105788 7 547617 564474
38. 2 153723 177453 13 331097 349230 2 217341 227815
39. 2 184353 201352 10 945660 953072 11 1071625 1086749
40. 2 205066 221969 8 979535 992579 11 1138550 1151705
41. 2 223594 235432 11 1128486 1137698 8 967366 975811
42. 2 236932 260597 13 26473 53538 12 937224 939430
43. 2 256284 269802 13 49330 59723 4 284942 288308
44. 2 267074 277784 13 57126 63385 13 724616 729724
45. 2 302182 338987 10 111185 135501 11 854143 873969
46. 2 341667 348121 11 311316 319044 11 737165 742165
47. 2 352545 360928 11 1121873 1127089 11 303720 310294
48. 2 367024 378113 7 714360 720413 13 534252 540689
49. 2 378257 392550 2 262590 276693 11 413033 419447
50. 2 400235 424087 11 241338 255719 13 1006975 1034308
51. 2 427046 437644 4 418104 425376 10 1016825 1022596
52. 2 470152 482914 11 287882 301382 12 213115 217706
53. 2 482243 516007 12 182135 213789 13 752098 777851
54. 2 517417 524877 13 748504 751392 9 512839 518633
55. 2 525228 536899 12 1374165 1381906 13 1282841 1289136
56. 2 537500 558796 6 588828 605073 13 1291976 1309018
57. 2 562152 569841 6 611537 616296 12 560846 566905
58. 2 570874 581438 11 797486 805929 11 109615 111808
59. 2 578919 594024 11 794594 799762 3 45221 56700
60. 2 641631 657630 12 1382623 1393190 12 476407 484447
61. 2 658141 674242 7 44599 58570 13 1337038 1340611
62. 2 674661 699089 6 459464 471395 3 450190 460847
63. 2 706452 757374 8 24048 56736 9 800170 831287
64. 2 759984 774495 13 645200 651244 8 568634 579214
65. 2 798510 811930 9 448237 461539 1 429121 432625
66. 2 816068 831601 6 156044 165544 11 1256370 1264606
67. 2 829763 853883 11 1262741 1281027 12 1402112 1416664
68. 3 15601 27572 2 298526 308585 11 384567 390607
69. 3 26475 51807 11 369490 385763 7 88989 114614
70. 3 63134 74957 11 996303 1003200 1 302938 308032
71. 3 78852 90601 9 285637 292611 1 392922 398492
72. 3 117344 130712 13 783505 791161 11 86725 91011
73. 3 129879 148392 11 90112 103117 2 393430 399442
74. 3 150614 154596 9 93934 97745 1 269090 271440
75. 3 153775 162691 1 264152 270040 12 1232015 1238776
76. 3 162893 181271 6 661325 667348 12 1036568 1050445
77. 3 192736 204867 11 960893 968584 10 856102 860210
78. 3 205406 218350 12 426695 439813 7 622994 627198
79. 3 222802 255096 5 357552 385205 3 311804 333745
80. 3 259732 279800 12 672704 694602 11 190884 199962
81. 3 280760 291942 13 1252851 1255564 10 306171 318034
82. 3 298387 320577 13 1256097 1275807 10 318843 327555
83. 3 326268 362595 10 1126896 1152284 5 219246 251656
84. 3 374085 380375 2 361572 366863 5 251868 254496
85. 3 381119 403836 1 104865 120042 2 354365 360640
86. 3 428006 441412 4 308191 314522 10 101282 108195
87. 3 441675 495597 5 633372 654839 10 50462 94358
88. 3 501241 506921 12 1069785 1077711 13 854646 856036
89. 3 507338 522470 9 75399 83682 13 856349 862501
90. 3 526247 542226 13 308170 315635 12 312371 324082
91. 3 541333 611701 13 255200 309063 10 352904 390529
92. 3 626484 636270 10 651309 656890 12 329039 332939
93. 3 644229 657402 6 668173 676192 12 1052444 1059915
94. 3 657718 689857 13 921030 935324 11 513673 533820
95. 3 690186 699768 9 292823 301485 10 868299 870335
96. 3 700044 718582 1 308323 319910 11 1003568 1009332
97. 3 722725 752882 6 166126 176967 11 1224345 1254094
98. 3 762394 781198 1 410626 427929 9 462705 482860
99. 3 782483 798951 9 560169 574262 13 617997 624704
100. 3 823895 834552 11 819369 821907 12 621731 633758
101. 3 835313 850432 12 450952 475686 9 242879 250671
102. 3 854587 884555 6 88454 109345 8 598643 624903
103. 4 37143 44900 11 783120 788342 3 65389 68512
104. 4 43302 52556 11 782350 784844 10 961496 968085
105. 4 85188 95410 8 685058 695530 12 40198 42092
106. 4 96109 112085 11 769801 778476 4 152033 160327
107. 4 107907 141405 4 155762 176382 11 1186011 1206017
108. 4 138475 162100 4 173338 180025 8 825191 844737
109. 4 182045 201689 8 1010679 1027069 5 480915 486652
110. 4 199671 207429 5 477209 482930 8 1004900 1009342
111. 4 214185 224414 12 334192 341900 10 657226 659657
112. 4 225068 231232 10 662041 665289 12 342831 345797
113. 4 231391 239995 9 1079542 1084882 10 665599 669847
114. 4 241530 247254 2 437357 442552 7 628181 630311
115. 4 247672 261065 10 976274 990279 7 804969 813682
116. 4 268453 281305 7 121156 129410 3 136270 142399
117. 4 281424 289344 3 142575 151177 4 125834 131713
118. 4 295756 320885 7 135200 152392 7 243429 258052
119. 4 329646 340299 13 699260 706572 4 410309 415548
120. 4 341897 350711 13 681693 687554 13 690036 697099
121. 4 350991 357813 4 250405 257758 2 131812 134892
122. 4 362691 375310 13 454489 460739 5 138109 144874
123. 4 369320 424536 5 139067 208575 13 428607 451939
124. 4 424767 435869 6 780118 791508 9 177324 183860
125. 4 443623 456085 12 735080 745495 9 154612 160229
126. 4 456637 467390 2 194461 205617 9 146481 154103
127. 4 468446 479931 10 230262 237879 4 492687 500337
128. 4 480457 497158 10 269575 278209 12 107233 118295
129. 4 501146 530265 9 490959 506502 10 238695 269104
130. 4 530545 548351 10 278605 283750 12 88807 106888
131. 4 554602 579807 10 286973 305565 13 1239700 1252403
132. 4 580436 609293 12 652387 666988 11 200548 216290
133. 4 612088 647179 4 602973 628748 5 312820 323887
134. 4 680590 692177 3 370762 377707 12 278611 292745
135. 4 693076 711863 10 200829 221737 12 270033 276934
136. 4 721693 739837 10 187614 199970 8 939286 947986
137. 4 753946 770906 7 272520 285728 2 400331 407298
138. 4 771095 777324 4 467712 469605 12 550938 553653
139. 4 777752 789970 13 577097 584786 8 501094 505685
140. 4 810939 817022 8 732854 737137 13 743020 744790
141. 4 827033 897175 9 302137 352557 10 871867 912635
142. 4 893103 900545 10 907869 915799 10 609450 612270
143. 4 900968 910593 9 732591 738312 6 525230 529534
144. 4 928605 958565 12 568070 576640 6 621735 649711
145. 4 959805 984530 12 577023 595319 6 650449 660766
146. 4 1016976 1039575 6 303484 314030 8 447256 461295
147. 4 1059701 1085580 7 179215 198652 12 1105986 1125994
148. 4 1081835 1112128 7 194550 214417 11 534680 552314
149. 4 1135915 1166808 9 50356 69090 12 763580 788813
150. 4 1164554 1186863 12 786578 810026 13 955022 963159
151. 4 1203828 1230060 13 144593 162646 6 316924 330736
152. 4 1227985 1248463 13 132330 146641 8 188454 197907
153. 4 1252063 1261317 3 487842 497988 11 147781 151301
154. 4 1253622 1265539 3 492512 497988 11 141618 149229
155. 4 1268077 1277163 12 596534 601578 12 378830 384464
156. 4 1283987 1298954 6 835733 840016 13 1317818 1329310
157. 4 1319474 1333030 7 596704 612073 6 73893 81796
158. 4 1333926 1357512 5 514301 535264 13 1173658 1178432
159. 4 1360704 1382063 5 537663 555472 13 1201576 1215718
160. 4 1382492 1398801 4 224941 239213 13 1189409 1196535
161. 4 1397425 1410733 13 1184684 1191262 7 615498 621630
162. 4 1410820 1425628 11 969098 977090 13 1216701 1224765
163. 4 1442382 1452684 12 77798 83050 10 695093 705907
164. 4 1454765 1461692 4 634224 641457 4 29345 32868
165. 5 5878 20307 8 625360 631460 6 110519 120079
166. 5 30724 43546 7 158546 169364 11 103486 106897
167. 5 60022 73111 11 319329 333698 11 743156 754136
168. 5 78172 89688 9 367258 382112 12 1014256 1021956
169. 5 109560 140584 7 937230 969161 8 13625 20294
170. 5 139598 150124 8 19281 23119 9 620231 627233
171. 5 152451 164212 13 668126 676479 8 533744 543759
172. 5 164665 191812 13 563163 575390 8 506947 532872
173. 5 191997 219825 8 794516 813058 13 870824 895236
174. 5 220152 243743 9 184878 194637 6 792575 816544
175. 5 244067 272511 5 209557 216734 13 398183 425630
176. 5 273099 282529 2 424411 431085 9 429791 438105
177. 5 291129 314856 9 906191 911175 10 465532 485743
178. 5 296782 329068 10 468765 508583 9 898504 904578
179. 5 328358 342628 10 507849 512100 2 319012 330068
180. 5 345743 350533 11 74297 78096 12 889774 892910
181. 5 351089 357719 13 324009 329923 12 882891 888521
182. 5 365368 371656 13 1117631 1121727 13 810184 813732
183. 5 372505 392909 3 29470 36599 13 814364 828219
184. 5 395914 418356 9 592439 603598 13 829069 850558
185. 5 436582 451625 13 117010 127094 8 182137 185357
186. 5 454817 469166 3 501476 505970 11 129822 141359
187. 5 485155 514597 9 271461 282899 9 124905 144637
188. 5 533904 559822 13 372122 390294 12 863297 878506
189. 5 566187 574457 1 206981 211087 11 1019646 1023103
190. 5 586885 607040 9 867666 878417 1 218655 226444
191. 5 615545 652355 3 407265 433236 13 1035054 1059914
192. 5 650061 659174 3 403729 409343 8 955495 964630
193. 5 688132 703522 12 759865 762494 9 750496 763521
194. 5 699003 707351 9 749478 755738 6 529892 532601
195. 5 707819 727431 8 479837 495118 4 106570 115802
196. 5 727658 746834 8 631794 641736 4 97236 106263
197. 5 747133 764410 3 255821 273524 4 92050 96986
198. 5 763904 793821 4 71400 92625 13 971284 986919
199. 5 792544 812172 4 42946 72689 6 516481 521724
200. 5 809767 821978 4 41436 45531 10 426177 433539
201. 5 823125 847840 10 435699 455792 4 357058 363040
202. 5 863572 925127 12 1182455 1230090 13 76881 107617
203. 5 925950 948679 8 394311 413093 13 63827 76687
204. 5 951174 959802 13 197743 210980 5 447934 453716
205. 5 994534 1006945 12 851958 861443 13 393154 397505
206. 5 1007691 1025288 9 787552 792341 11 112575 126314
207. 5 1027712 1044750 9 394159 403722 11 162060 169974
208. 5 1044971 1064279 3 467626 486159 11 151967 161375
209. 5 1082034 1101222 1 278467 291704 9 99925 105533
210. 5 1099999 1115755 1 290595 296371 12 1239169 1250064
211. 5 1120017 1135946 13 1076233 1091239 13 709544 713125
212. 5 1136580 1167978 8 199107 221182 10 617932 634214
213. 5 1172383 1191572 9 207292 230274 6 823014 827500
214. 5 1191841 1227252 7 684868 703104 11 597610 623378
215. 5 1231652 1249437 10 1023529 1038017 7 668453 677353
216. 5 1253625 1261563 6 372239 374983 12 1163497 1169041
217. 5 1259842 1272539 12 1167086 1174681 6 362972 370358
218. 5 1273251 1294268 6 375906 392219 12 1176224 1179725
219. 5 1294725 1307362 3 300099 304296 1 378874 387066
220. 5 1309431 1322892 10 990695 1002204 7 846590 854562
221. 5 1357717 1367778 13 866454 869768 8 786770 793987
222. 5 1421285 1433797 10 530428 538503 10 848348 853219
223. 5 1431488 1450980 10 520083 532869 12 913323 920552
224. 5 1456998 1464872 10 1002530 1008063 6 482637 486685
225. 5 1465361 1474742 3 240649 249643 11 930063 932143
226. 5 1492208 1501609 6 29705 35044 11 25117 32204
227. 6 5332 12152 7 451365 458822 7 640320 645166
228. 6 18033 25688 9 251050 254048 12 440385 447687
229. 6 44349 55033 1 226945 257581 1 172608 185779
230. 6 56150 74712 12 817664 822054 6 744275 759719
231. 6 75316 90211 8 419033 428207 12 810529 817236
232. 6 93525 111539 12 1139528 1150311 9 539916 555597
233. 6 113389 123873 8 57283 69547 12 1131528 1137753
234. 6 123490 130515 8 69155 73754 11 1065616 1070479
235. 6 134254 166941 12 42659 62442 8 74843 97248
236. 6 167133 180853 5 602040 623017 12 65336 72710
237. 6 180242 191176 5 598020 602573 4 366246 374657
238. 6 191393 235005 8 857901 884210 5 574930 597611
239. 6 242638 259927 5 562625 574713 13 607368 614760
240. 6 272431 314678 8 297272 330155 7 860266 883119
241. 6 316683 354612 8 277540 296159 3 153063 174038
242. 6 351599 367226 3 170694 182799 10 513918 519347
243. 6 361724 375741 3 177284 188487 10 1010761 1016439
244. 6 376161 398767 11 681944 700476 6 721308 728454
245. 6 395806 411169 11 698857 705146 6 705576 722618
246. 6 413769 430478 7 63258 70570 1 58830 70485
247. 6 448632 457733 9 655806 664049 7 488794 493867
248. 6 476215 522654 7 565237 591095 10 551562 596457
249. 6 520834 534184 10 540710 553406 8 884592 886701
250. 6 543553 574279 7 411500 432661 12 354287 368645
251. 6 572762 610752 12 348799 355885 12 384929 424460
252. 6 620501 628259 13 358599 366252 7 732457 735797
253. 6 665678 678169 13 1310378 1317526 6 827705 832404
254. 6 678895 693208 9 685176 699771 13 178971 185485
255. 6 707303 714919 11 1216079 1220302 6 177696 182980
256. 6 719456 730092 10 916357 925576 10 602954 608292
257. 6 736437 752453 11 179166 187847 4 181792 198355
258. 6 777391 789067 4 292034 299850 5 351240 356043
259. 6 795844 813933 11 334102 336357 4 199161 220477
260. 6 814343 849706 1 340501 359678 11 336673 360066
261. 6 863005 872474 8 902895 905048 3 226767 235732
262. 6 866798 885607 3 213832 232967 9 358219 364824
263. 6 880255 900873 3 208793 219238 8 765236 777293
264. 6 901053 904645 1 461930 463513 8 750319 752349
265. 6 904142 925948 8 751810 764755 3 202920 208511
266. 6 931305 937750 8 740607 747146 1 467238 472251
267. 6 943962 976028 8 642001 671061 7 220990 235315
268. 6 965578 987801 8 659326 678154 12 302012 305846
269. 6 989036 1014458 9 1030282 1054754 12 924096 933567
270. 6 1036526 1058177 7 434012 447584 9 718481 728434
271. 6 1058341 1067928 9 256224 262731 9 714551 718086
272. 6 1076497 1102524 9 107768 119680 12 136726 161764
273. 6 1104503 1111493 8 176352 180167 8 895722 901978
274. 6 1119267 1130663 4 573888 577645 12 164254 172158
275. 6 1134978 1150596 13 170175 176896 11 932509 942407
276. 6 1152597 1167680 6 248281 260601 12 493841 498694
277. 6 1168935 1175672 5 422802 428360 11 644415 646401
278. 6 1184589 1220185 6 38589 58971 11 34290 63162
279. 6 1226727 1235884 8 388457 392418 2 236029 241424
280. 6 1232170 1248096 2 230087 239847 13 716775 721944
281. 6 1250342 1265286 11 1087381 1093994 10 929926 943220
282. 6 1265350 1274098 11 626749 635204 5 408757 414866
283. 6 1274600 1313363 5 273462 290372 1 145388 172349
284. 6 1313509 1325805 1 18037 27622 5 269153 272837
285. 6 1325927 1346413 1 86551 100646 6 855805 866333
286. 6 1349604 1355548 6 189377 193596 4 221349 222174
287. 6 1354058 1369230 6 183385 190858 11 754675 768867
288. 6 1377891 1400444 1 387856 392117 13 540950 556215
289. 6 1397046 1408778 13 552160 559691 9 917977 925085
290. 6 1427498 1432888 13 1102767 1106280 12 1180076 1182037
291. 6 1432958 1461709 13 509383 533189 13 1106535 1117143
292. 6 1462098 1493742 11 420248 448486 7 462671 475982
293. 6 1552950 1572720 11 67074 73532 12 894198 910155
294. 6 1622021 1640495 10 774882 793583 9 166931 171944
295. 6 1700266 1721395 10 829222 843774 2 96302 112864
296. 6 1722130 1749133 11 556732 572231 2 73366 93201
297. 6 1749479 1758824 2 63903 72197 6 59518 67393
298. 6 1759053 1782018 2 45168 61944 8 151640 167569
299. 7 30730 96718 13 1341331 1384451 7 14591 44035
300. 7 108309 116618 8 845036 849446 3 439306 443318
301. 7 115002 131872 8 848229 857344 13 896312 913802
302. 7 132225 154170 7 325048 339247 1 450575 459218
303. 7 151542 165845 7 335869 347866 3 189501 201796
304. 7 163449 180999 7 343363 354011 8 429542 441790
305. 7 184064 201278 13 946553 952685 11 495585 504072
306. 7 201829 215098 8 721553 730061 13 745077 748398
307. 7 214721 224344 8 718943 721984 12 1368557 1373662
308. 7 226140 242201 12 1352229 1368082 2 253495 258152
309. 7 252475 269518 3 354713 366862 5 47583 54580
310. 7 268854 281611 5 52982 61359 7 749305 756230
311. 7 285188 294793 8 221539 231687 9 950095 952801
312. 7 295808 311583 13 219813 240875 8 816990 820383
313. 7 302055 318561 13 217235 237735 5 440794 445412
314. 7 321080 341043 5 120804 137465 13 461446 481074
315. 7 341382 359479 2 137174 150934 4 239710 248318
316. 7 365960 408943 5 83838 107850 13 483972 508861
317. 7 406691 415582 5 80514 86371 11 1052591 1056518
318. 7 453737 466639 8 247359 249908 6 575499 587703
319. 7 469362 518830 6 541830 575037 7 776549 804190
320. 7 555365 562442 12 230757 234998 11 230312 233572
321. 7 571006 598488 11 258618 287335 12 240413 257757
322. 7 619357 627400 5 303072 307004 4 592585 599883
323. 7 636046 652184 5 331962 342099 7 367226 378525
324. 7 670877 734388 6 201002 225965 12 940058 999319
325. 7 735204 740405 5 291237 294588 4 580707 582834
326. 7 756961 768213 8 993354 1002118 11 1154025 1159199
327. 7 802679 811562 12 720723 732433 13 1161812 1170199
328. 7 823626 869011 2 176316 189792 13 1122109 1157733
329. 7 869459 922094 2 154275 174521 12 1304574 1336559
330. 7 922957 947186 12 1292693 1303778 12 710007 719259
331. 7 942907 988900 12 1256421 1297674 7 758811 775835
332. 7 994813 1005052 7 496008 503951 9 645956 654848
333. 7 1000577 1024127 9 627769 651519 11 988919 995625
334. 7 1024389 1043240 9 833793 843228 11 977846 988584
335. 7 1052581 1070841 1 29069 40371 5 261665 267896
336. 7 1087314 1114420 3 69396 80435 11 1101728 1114491
337. 7 1118039 1144005 8 544199 568199 13 651932 667517
338. 7 1144530 1163719 8 579444 586826 13 630670 644867
339. 7 1163861 1184849 9 1069404 1078981 10 670212 686331
340. 7 1189845 1203095 4 500858 509071 10 223820 229910
341. 7 1202388 1211711 4 508364 514225 12 1030941 1036026
342. 7 1223989 1240363 12 517372 528417 11 583945 592617
343. 7 1240893 1252338 3 305020 311018 12 531918 538496
344. 7 1257342 1273141 6 503890 515221 7 930351 935969
345. 7 1273452 1281283 13 964915 971030 7 922035 927521
346. 7 1289647 1294511 12 1095287 1097625 7 170682 173891
347. 7 1304401 1326012 9 856941 866701 7 651033 666740
348. 7 1326404 1339139 7 891248 900093 2 373956 383336
349. 7 1350244 1357733 6 843128 849691 13 1330802 1335714
350. 7 1359353 1368605 12 484823 493490 12 1393531 1395160
351. 7 1367898 1377079 12 1394489 1400046 11 942861 948609
352. 7 1377726 1405438 8 696225 706097 10 1041784 1058405
353. 7 1401218 1411167 10 1038392 1046446 13 164428 168917
354. 7 1451816 1466675 4 261991 269073 2 119648 131517
