>Skluyveri$
1. 1 2 3 4 5 6 7 8 9 10 11 12 13 14 15 16 17 18 $
2. 19 20 21 22 23 24 25 26 27 28 29 30 31 32 33 34 35 36 37 38 39 40 41 42 43 $
3. 44 45 46 47 48 49 50 51 52 53 54 55 56 57 58 59 60 61 62 63 64 65 66 67 68 69 70 $
4. 71 72 73 74 75 76 77 78 79 80 81 82 83 84 85 86 87 88 89 90 91 92 93 94 95 96 97 $
5. 98 99 100 101 102 103 104 105 106 107 108 109 110 111 112 113 114 115 116 117 118 119 120 121 122 123 124 125 126 127 128 $
6. 129 130 131 132 133 134 135 136 137 138 139 140 141 142 143 144 145 146 147 148 149 150 151 152 153 154 155 156 157 $
7. 158 159 160 161 162 163 164 165 166 167 168 169 170 171 172 173 174 175 176 177 178 179 180 181 182 183 184 185 186 187 188 189 190 191 192 193 194 195 196 197 198 199 200 201 202 203 204 $
8. 205 206 207 208 209 210 211 212 213 214 215 216 217 218 219 220 221 222 223 224 225 226 227 228 229 230 231 232 233 234 235 236 237 238 239 240 241 242 243 244 245 246 247 248 249 250 251 252 253 254 255 256 257 258 $

>Sbayanus$
420. -60 $
436. 170 $
445. 241 $
447. -119 $
449. -38 $
451. -176 $
452. -65 $
454. -114 $
457. 11 $
458. 181 $
459. 236 $
461. -231 $
462. 109 $
463. -23 $
467. -78 $
468. 143 $
470. -206 $
474. -133 $
475. 134 $
476. 175 $
477. 6 $
478. -244 $
480. 16 $
481. -239 $
484. 179 $
485. 48 $
486. -12 $
487. -118 $
488. 201 101 $
489. -119 $
490. 12 $
491. 200 $
494. -220 $
495. -133 $
496. 62 $
497. 230 $
500. -89 $
501. 148 $
502. -64 -63 $
503. -242 $
504. -47 $
505. 117 $
507. 243 $
508. -257 -94 $
509. -178 -177 $
512. -123 $
513. -17 $
514. -122 -121 -120 $
516. -233 -232 $
518. -58 $
519. 32 $
520. 221 $
521. 225 226 227 $
522. 237 $
523. 67 68 $
524. 207 208 $
525. 180 $
527. 144 145 $
528. 237 $
529. -169 $
530. -163 $
532. -77 $
533. 126 $
534. -190 -189 $
535. 124 $
536. -137 -136 141 $
537. -179 -178 $
538. -125 $
539. 205 $
540. -120 $
541. 66 $
542. 59 67 $
543. -74 $
544. -215 -214 27 $
545. 212 213 $
546. -58 $
548. 159 56 57 $
549. -164 $
550. -59 -61 $
551. -229 -107 $
552. -161 $
554. 60 61 $
555. 171 166 92 196 $
556. 101 102 $
557. 9 10 11 $
558. 199 $
559. 104 $
560. -149 232 $
561. -111 -110 $
562. 205 $
563. 80 -82 -81 $
565. -26 -25 -24 $
566. 187 255 -246 $
568. -128 $
569. -44 $
570. -177 -176 -175 $
571. 238 $
572. 180 -183 -182 $
573. -57 $
574. 16 $
575. -127 158 $
576. -254 253 248 249 $
577. 85 142 $
578. -113 112 $
579. -18 -93 $
580. 161 162 $
581. 155 156 198 $
583. 221 15 $
585. -14 8 $
586. -186 $
587. 164 165 $
588. 42 200 $
589. -39 -28 $
590. -252 -251 -250 $
591. -240 -239 -238 $
592. -149 $
593. -103 -102 $
594. 202 203 204 $
595. -10 141 -81 $
596. -236 -235 -234 $
597. 79 $
598. 138 139 142 $
599. 192 -51 -210 $
600. -248 -253 254 -188 $
602. -258 $
603. -83 -235 -234 -233 $
604. 71 72 73 $
605. -258 -257 $
606. 85 $
607. 49 50 51 52 $
609. -114 -113 -112 -144 130 $
610. -53 $
611. -69 -68 -77 $
612. -211 193 106 108 $
613. 213 -26 -50 -25 -24 -23 -22 $
614. -37 36 -86 -100 $
615. 219 220 $
616. -155 150 $
617. -157 -197 $
618. 148 -231 -230 $
619. -243 43 $
620. -163 -162 -118 -117 -116 $
621. 129 130 131 $
622. 82 -80 $
623. -45 -44 $
624. -202 -79 78 $
625. 151 152 $
627. -116 -115 $
628. 129 -143 -184 $
629. 19 $
630. 181 182 160 -174 227 228 229 $
631. 45 46 47 -62 63 226 -173 $
632. -224 -223 -222 $
633. 146 147 145 146 $
634. -86 -21 -20 $
635. -219 -218 -217 -216 $
636. 135 -140 -35 -34 -33 $
637. -5 -4 139 -99 98 $
638. -168 100 95 96 41 $
639. -22 -252 246 -255 15 $
640. -128 $
641. -70 $
642. -212 35 140 -135 -134 $
643. 71 -198 -197 $
644. -209 -72 199 43 $
645. 131 132 -156 136 137 138 -88 $
646. -185 188 189 185 -186 190 191 $
648. 54 55 56 $
650. 69 -250 -249 30 $
651. 215 216 217 2 3 4 5 6 $
652. 203 204 17 94 95 -41 -96 42 $
653. 191 192 -210 -209 $
654. 157 $
655. -111 83 84 -3 -2 -1 $
656. 165 166 167 168 169 170 171 172 $
657. 103 104 105 106 107 108 109 $
658. 7 8 9 218 $
659. -70 $
660. -76 -75 29 -245 -244 $
661. 21 -247 152 153 154 31 $
662. -211 193 194 195 196 $
663. -195 -194 55 -183 184 $
664. -97 -40 $
665. 115 $
666. -48 -1 $
667. -121 -122 123 124 125 126 $
668. 201 172 173 174 -160 -159 -158 127 $
669. 251 36 37 38 39 $
670. 90 91 92 93 18 153 52 154 $
671. 206 207 208 73 74 -28 -27 214 $
672. 187 105 -20 -19 -242 -241 -240 $
673. -97 -40 $
674. 132 -256 247 -110 7 -13 $
675. 46 -84 87 -88 -54 -53 $
676. -228 -87 89 90 91 167 98 99 -49 $
677. 245 -256 -151 -150 -147 $
678. 13 14 -224 -223 -222 225 -65 -64 66 -34 -33 -32 -31 -30 -29 75 76 $


# markers coordinates
1. 1 61447 178534 655 63368 108598 666 30856 92982
2. 1 177869 203007 655 44864 64021 651 40505 48104
3. 1 210571 230399 651 49223 61312 655 37420 44737
4. 1 227683 267465 651 58412 83230 637 21812 34901
5. 1 270179 310652 651 83539 97276 637 1413 21578
6. 1 309774 332899 651 96386 105763 477 1938 14321
7. 1 348183 389176 658 5882 27109 674 150330 173946
8. 1 389395 476769 585 16976 57274 658 29383 73482
9. 1 484027 507399 557 1975 12927 658 74816 88021
10. 1 506437 544184 557 12115 24475 595 726 13769
11. 1 543144 560103 557 23423 34019 457 730 5617
12. 1 560276 583740 486 812 13143 490 1810 11100
13. 1 588783 636495 674 175108 192672 678 638 21116
14. 1 632974 657179 678 17577 34206 585 1637 12785
15. 1 664236 711765 639 71968 99023 583 22683 45671
16. 1 716182 755929 574 1228 21894 480 2304 7084
17. 1 852429 882691 652 35283 51159 513 3230 11551
18. 1 891645 914734 579 15795 32751 670 76751 82522
19. 2 51813 177698 629 10757 64345 672 60129 101293
20. 2 177009 232111 634 46087 78200 672 57668 60779
21. 2 261818 301064 661 1939 24697 634 26303 41986
22. 2 335580 355416 613 66544 75367 639 1059 6092
23. 2 345902 376583 613 60685 71365 463 3845 6905
24. 2 368526 389789 613 51190 66225 565 23441 33947
25. 2 388170 415298 613 39937 52830 565 10667 20375
26. 2 414099 435833 565 806 11854 613 18194 32310
27. 2 439233 487586 671 126749 144699 544 17616 31363
28. 2 482433 519343 671 116410 129752 589 28929 46198
29. 2 545026 557226 678 276728 286776 660 64840 67468
30. 2 567179 607092 678 255782 271663 650 77076 98776
31. 2 607486 654817 661 112733 132913 678 228478 255618
32. 2 653801 713368 678 197331 229563 519 145 20952
33. 2 710623 734733 678 183884 200272 636 86801 92444
34. 2 732182 762553 678 167919 186375 636 78187 85250
35. 2 759923 796171 636 54368 80475 642 16382 26354
36. 2 801018 814685 669 38832 44712 614 15396 22893
37. 2 813507 835801 669 43525 56921 614 2553 10065
38. 2 830531 859557 669 51186 69101 449 1302 5408
39. 2 846312 886324 669 57117 82394 589 4501 16342
40. 2 886750 971167 664 55111 73637 673 92468 150121
41. 2 971780 986369 652 64593 71054 638 87862 94242
42. 2 987814 1039663 652 88952 115848 588 2047 36175
43. 2 1053731 1071418 644 40484 56844 619 36522 37951
44. 3 37529 79085 623 11998 34877 569 5269 15326
45. 3 87107 102015 623 599 8607 631 1496 7763
46. 3 100873 157496 631 6636 28814 675 173 30478
47. 3 159782 203419 631 29644 37826 504 12071 24598
48. 3 212822 223301 666 23815 30653 485 7161 10064
49. 3 236779 260706 676 113715 117390 607 659 18000
50. 3 255022 268965 607 12456 18993 613 32742 38761
51. 3 276274 304898 607 20778 34370 599 12155 17499
52. 3 309787 336520 607 38618 60899 670 117017 119754
53. 3 355675 425423 610 5969 27901 675 135176 148174
54. 3 409345 465930 675 119355 146033 648 4461 26450
55. 3 457122 551125 648 19359 68615 663 42653 73224
56. 3 551987 571512 548 4630 12197 648 71052 80737
57. 3 580778 609182 573 25434 36068 548 14522 23823
58. 3 641777 664651 546 23421 29845 518 11748 18035
59. 3 683859 707661 550 5797 21414 542 5772 8581
60. 3 773107 789786 554 3910 12731 420 990 3122
61. 3 786827 809517 554 9950 34100 550 24734 29830
62. 3 833618 854898 631 38830 53849 496 7969 12323
63. 3 869888 889855 631 53926 63036 502 8312 15455
64. 3 887754 903516 502 1797 10411 678 134527 143956
65. 3 897779 913326 678 131475 140468 452 1067 6524
66. 3 913490 952876 678 144454 165001 541 1325 28277
67. 3 953238 972151 523 16690 23757 542 26732 28356
68. 3 957963 984255 523 21151 27241 611 26919 34189
69. 3 980437 1029736 611 10432 29396 650 1526 20002
70. 3 1088849 1219198 641 15755 85653 659 21511 86385
71. 4 24754 64798 643 4695 27516 604 11648 26169
72. 4 63086 77824 604 24415 30022 644 19994 22130
73. 4 84647 125520 604 30831 43711 671 35547 58138
74. 4 124423 166461 671 57038 83751 543 760 24243
75. 4 224106 265450 678 293312 326114 660 39598 57816
76. 4 259895 326264 678 319911 358724 660 1140 32237
77. 4 342474 363961 532 13259 25848 611 55496 57491
78. 4 402641 418247 467 337 9866 624 70361 74311
79. 4 423990 496698 597 2812 57697 624 48603 70089
80. 4 498948 524490 563 2221 14989 622 18402 25049
81. 4 564525 583116 595 32334 39845 563 22910 36299
82. 4 581860 602505 563 18094 24152 622 4788 17551
83. 4 695101 706424 603 6390 10608 655 9051 15180
84. 4 702147 730999 655 10830 26343 675 37080 51352
85. 4 792974 836897 577 5588 22542 606 32470 39905
86. 4 840096 866431 614 30344 47920 634 5329 11439
87. 4 879560 889667 675 94011 104397 676 26915 30164
88. 4 892250 914260 645 87492 101570 675 107923 117859
89. 4 916181 934807 676 33211 41902 500 1996 7950
90. 4 931648 990780 676 38655 73733 670 1461 24222
91. 4 993844 1009086 670 31907 38722 676 74139 82683
92. 4 1007392 1052814 670 37016 54223 555 10397 24597
93. 4 1056445 1090266 670 57860 76512 579 32976 38156
94. 4 1091666 1099639 652 51950 53614 508 15053 18829
95. 4 1098968 1135229 652 52940 64291 638 43613 78025
96. 4 1128458 1158608 638 72203 82780 652 71568 87585
97. 4 1161815 1241199 673 52352 90528 664 18158 53939
98. 5 42779 60920 637 57472 70896 676 95289 99680
99. 5 59724 85624 676 98475 112750 637 48796 52991
100. 5 121830 150661 638 21231 35352 614 57518 67274
101. 5 196218 206616 556 13480 20553 488 7910 12420
102. 5 203608 245364 556 17641 35688 593 25721 52495
103. 5 254974 287496 593 943 24048 657 924 13169
104. 5 289625 330570 559 1482 32256 657 21976 45026
105. 5 334212 399306 672 13192 43175 657 46998 86087
106. 5 391898 446825 657 77995 99006 612 47445 62592
107. 5 447330 452420 551 18690 20175 657 100883 103013
108. 5 452894 468581 612 63060 71260 657 103578 110796
109. 5 475885 501027 657 110895 126897 462 1128 6613
110. 5 525860 581649 674 114951 145698 561 13727 37052
111. 5 581924 588621 655 1714 4626 561 9592 13430
112. 5 596055 603921 609 20389 25730 578 24618 27245
113. 5 602503 627441 609 6956 21864 578 6132 17222
114. 5 629884 641483 454 1164 6672 609 919 6100
115. 5 647589 808413 665 2475 92354 627 25899 98728
116. 5 809721 853796 627 3621 25388 620 54627 77649
117. 5 837606 875751 620 48948 71443 505 1685 17377
118. 5 880749 897558 487 4801 12815 620 29297 38350
119. 5 904637 924588 489 2852 16264 447 1354 4610
120. 5 935578 955843 540 16595 32344 514 13418 19151
121. 5 976034 991466 667 4344 10271 514 3762 8865
122. 5 989175 1002532 514 1215 6263 667 13291 18167
123. 5 1013338 1053885 512 2036 17164 667 21913 49553
124. 5 1052695 1102663 667 48342 87091 535 3453 23160
125. 5 1101737 1139032 667 86189 113475 538 1652 17122
126. 5 1131375 1190663 667 107522 151227 533 605 8096
127. 5 1191449 1213984 668 128387 138266 575 1683 11280
128. 5 1235488 1276172 640 35781 67230 568 11608 30184
129. 6 41362 114347 621 8611 54137 628 5536 21466
130. 6 109422 132683 621 49378 65513 609 48521 59779
131. 6 131250 138610 621 64257 67490 645 1450 2713
132. 6 155998 187070 645 3299 17012 674 4670 22641
133. 6 216399 244528 495 942 17447 474 4721 12783
134. 6 245957 282269 642 98281 114641 475 1372 11901
135. 6 279635 307018 642 87536 101078 636 2741 15499
136. 6 312042 330389 645 33270 47491 536 9892 14062
137. 6 351154 365280 536 2319 9082 645 51525 57003
138. 6 375457 409171 645 62420 85951 598 3836 18291
139. 6 408002 418101 598 17133 24517 637 44911 48305
140. 6 436495 528104 636 16210 53939 642 30631 74718
141. 6 531394 541464 595 16356 21901 536 14629 18955
142. 6 541680 571081 598 36977 47182 577 25681 37033
143. 6 582153 596551 628 26917 31761 468 2874 9556
144. 6 596801 619064 527 6377 20301 609 37298 48061
145. 6 618624 639997 527 19885 25036 633 57237 70230
146. 6 636693 663080 633 65329 80618 633 1191 11418
147. 6 662235 733519 633 10657 51980 677 166491 211028
148. 6 756909 803338 618 13766 44616 501 1062 14408
149. 6 806524 895786 592 5155 52130 560 1589 33773
150. 6 920767 1016037 677 103759 165072 616 9230 62774
151. 6 999031 1057775 677 89527 120430 625 1646 32218
152. 6 1049320 1093771 625 27264 54474 661 64528 88839
153. 6 1094132 1144782 670 83242 116644 661 92507 105139
154. 6 1148065 1155436 670 120146 124017 661 110329 112535
155. 6 1166099 1209905 581 4949 14376 616 240 8693
156. 6 1221606 1243387 581 15990 29193 645 19979 28023
157. 6 1248609 1321289 617 5477 25270 654 18168 72033
158. 7 49770 109974 575 11455 42277 668 87853 125766
159. 7 108616 114612 668 85600 89091 548 899 3881
160. 7 116704 149529 668 62873 84423 630 43954 57146
161. 7 152168 192421 580 13354 37786 552 3693 25074
162. 7 190967 233365 580 36428 55394 620 8114 29010
163. 7 232634 251925 620 2578 8830 530 14973 24379
164. 7 286264 341542 549 4846 30914 587 796 31220
165. 7 341743 359993 587 39559 51600 656 597 9610
166. 7 355364 368076 656 4757 13223 555 3760 6723
167. 7 364506 403143 656 9895 29806 676 86047 94164
168. 7 387848 427990 656 19678 41982 638 328 11078
169. 7 428810 485944 529 6767 26699 656 42185 81370
170. 7 460540 512055 656 61508 97731 436 530 3906
171. 7 514850 530016 656 98009 108928 555 253 2884
172. 7 522850 563551 656 102495 120133 668 16267 39679
173. 7 554352 578250 668 28115 42824 631 68934 78585
174. 7 577213 607388 668 41793 62685 630 57637 76563
175. 7 641127 666602 476 6569 15304 570 13406 19574
176. 7 665931 693443 570 7375 14044 451 1931 6817
177. 7 672170 708958 570 3274 13110 509 12959 20499
178. 7 700095 736961 509 2291 18142 537 14435 31480
179. 7 728072 763143 537 2051 21308 484 2491 12689
180. 7 791734 832725 572 5170 18074 525 2116 18897
181. 7 842183 897816 630 371 36708 458 346 9001
182. 7 876462 918123 630 16649 42025 572 25790 40727
183. 7 906252 922055 572 23073 37049 663 86230 87404
184. 7 958177 984601 628 35912 53527 663 96849 109653
185. 7 987737 1000816 646 34596 41453 646 1986 9084
186. 7 1016915 1097228 646 42734 66084 586 2012 41392
187. 7 1103755 1114041 566 1355 7148 672 2431 5935
188. 7 1165467 1191517 600 37056 48566 646 14913 26681
189. 7 1183028 1204293 646 20441 32409 534 10938 20032
190. 7 1198648 1238779 534 938 15929 646 69241 80703
191. 7 1238204 1260393 646 80104 90697 653 1432 16792
192. 7 1316851 1347423 653 43325 66781 599 2444 11425
193. 7 1349161 1382608 612 31000 46859 662 46570 66245
194. 7 1374780 1421530 662 58639 81032 663 16855 40677
195. 7 1426974 1450927 663 7350 15878 662 82469 94305
196. 7 1452894 1485475 555 25568 28053 662 96237 124342
197. 7 1486411 1555389 617 28727 52879 643 42116 89204
198. 7 1552344 1570144 643 39066 45641 581 29697 39945
199. 7 1576755 1622211 644 22181 37079 558 446 25604
200. 7 1627709 1652374 491 3164 14942 588 42503 52915
201. 7 1653748 1659034 668 10297 12673 488 384 3023
202. 7 1661601 1671386 594 5782 11966 624 4549 7102
203. 7 1667193 1690393 594 8292 14487 652 1328 10323
204. 7 1689467 1706417 652 9373 22609 594 24815 30556
205. 8 70161 107441 562 12097 25593 539 4454 9850
206. 8 107767 135895 671 8311 22426 470 1745 9505
207. 8 133275 155316 671 19752 27650 524 4316 16315
208. 8 155887 164120 524 18132 21576 671 27921 32184
209. 8 164406 191886 644 2706 19805 653 110080 116256
210. 8 197621 267338 653 67255 107430 599 18036 54887
211. 8 268843 331380 662 2304 43099 612 7084 30837
212. 8 362450 378525 642 1010 9719 545 5197 16094
213. 8 384675 401858 613 3903 17551 545 24563 26479
214. 8 403363 426025 544 4311 15764 671 147211 153694
215. 8 420999 437481 544 998 9449 651 1311 2744
216. 8 437103 488639 651 2484 34908 635 84673 101131
217. 8 486897 511517 635 66190 86631 651 36766 39529
218. 8 497300 555957 635 45967 80720 658 93921 117853
219. 8 566194 649898 615 6834 59004 635 2293 45443
220. 8 653641 680021 494 945 16022 615 61544 67971
221. 8 681287 736175 520 684 24578 583 2654 21792
222. 8 749157 874345 632 14196 92345 678 55758 108796
223. 8 873713 898776 678 46617 54166 632 8744 14792
224. 8 902190 914589 678 37778 46348 632 2679 5517
225. 8 916086 946976 678 112858 130743 521 3286 8038
226. 8 947455 962071 631 63317 68397 521 10486 17045
227. 8 960815 974929 521 15816 23236 630 76865 81461
228. 8 982180 993929 630 82003 87953 676 7907 12035
229. 8 989608 1010063 630 83452 92349 551 646 13283
230. 8 1022452 1053306 497 174 16497 618 56069 65797
231. 8 1047379 1072812 618 47274 59141 461 510 7646
232. 8 1079678 1102564 516 10562 22358 560 34719 42378
233. 8 1093542 1115713 516 63 18916 603 50042 52733
234. 8 1118393 1132242 596 56119 69664 603 43366 48127
235. 8 1136877 1189304 603 19585 42041 596 18661 55432
236. 8 1187379 1210861 596 6097 20497 459 5697 9721
237. 8 1250592 1306042 522 907 29560 528 6664 30495
238. 8 1340392 1404765 571 3738 47191 591 23804 57903
239. 8 1404382 1413213 591 18462 24196 481 2498 11079
240. 8 1428968 1469641 672 144535 164964 591 1303 17250
241. 8 1465099 1482034 672 140375 148902 445 3340 6023
242. 8 1479446 1532581 672 113658 143056 503 736 19677
243. 8 1540871 1592208 507 1280 21105 619 1789 29313
244. 8 1599134 1611571 478 837 9900 660 124130 127691
245. 8 1610762 1711941 660 74173 125062 677 1454 54403
246. 8 1752241 1770236 566 22861 33086 639 39190 44067
247. 8 1770946 1798726 674 86996 90055 661 36106 53867
248. 8 1817259 1872065 576 19159 38786 600 3124 16151
249. 8 1852884 1885390 576 32512 41175 650 36765 43446
250. 8 1880576 1931115 650 25402 40470 590 26788 57088
251. 8 1928419 1972378 590 12623 29538 669 14662 30711
252. 8 1974031 1999423 639 20449 38723 590 695 10663
253. 8 2019038 2025424 600 18968 21440 576 9624 11951
254. 8 2031731 2053406 600 22857 36522 576 4308 9224
255. 8 2059083 2103605 639 44707 70924 566 7401 22622
256. 8 2123140 2209223 677 71550 89072 674 27087 77648
257. 8 2209672 2248947 508 3650 11384 605 25874 48513
258. 8 2241255 2296843 605 7057 34051 602 23482 47895
