>Skluyveri$
1. 1 2 3 4 5 6 7 8 9 10 11 12 13 14 15 16 17 18 19 20 21 22 23 24 25 26 27 28 29 30 $
2. 31 32 33 34 35 36 37 38 39 40 41 42 43 44 45 46 47 48 49 50 51 52 53 54 55 56 57 58 59 60 61 62 63 64 $
3. 65 66 67 68 69 70 71 72 73 74 75 76 77 78 79 80 81 82 83 84 85 86 87 88 89 90 91 92 93 $
4. 94 95 96 97 98 99 100 101 102 103 104 105 106 107 108 109 110 111 112 113 114 115 116 117 118 119 120 121 122 123 124 125 126 127 128 129 130 131 132 133 134 135 $
5. 136 137 138 139 140 141 142 143 144 145 146 147 148 149 150 151 152 153 154 155 156 157 158 159 160 161 162 163 164 165 166 167 168 169 170 171 172 173 174 $
6. 175 176 177 178 179 180 181 182 183 184 185 186 187 188 189 190 191 192 193 194 195 196 197 198 199 200 201 202 203 204 205 206 207 208 209 210 211 212 213 214 215 216 $
7. 217 218 219 220 221 222 223 224 225 226 227 228 229 230 231 232 233 234 235 236 237 238 239 240 241 242 243 244 245 246 247 248 249 250 251 252 253 254 255 256 257 258 259 260 261 262 263 264 265 266 267 268 269 270 271 $
8. 272 273 274 275 276 277 278 279 280 281 282 283 284 285 286 287 288 289 290 291 292 293 294 295 296 297 298 299 300 301 302 303 304 305 306 307 308 309 310 311 312 313 314 315 316 317 318 319 320 321 322 323 324 325 326 327 328 $

>Cglabrata$
1. 319 320 321 -136 -318 -238 -119 -238 222 223 224 225 226 227 146 181 43 203 204 205 206 -175 $
10. -38 249 -250 -142 188 -189 196 197 198 199 4 289 -35 -317 262 263 264 -113 111 112 18 157 158 167 168 200 -100 -99 291 292 134 -70 -69 -68 158 159 202 -201 -200 300 301 -52 155 156 19 -141 -234 242 243 244 245 169 138 231 $
11. -30 -127 71 -257 -256 -56 -55 80 81 78 79 316 317 -325 -324 -140 28 29 128 143 144 145 146 39 40 41 -280 171 209 210 -217 172 -67 139 235 236 -23 -22 -21 20 -45 144 -33 51 52 53 54 55 219 -76 142 -187 191 286 287 288 -180 229 166 159 133 313 314 226 114 264 -305 9 -300 301 302 143 -105 50 -32 -31 $
12. 94 10 11 -134 -198 -203 -123 -122 124 125 -129 -128 -29 189 190 -174 290 291 -108 -107 -108 160 163 164 165 230 -139 -27 -185 63 64 270 -77 -76 324 48 -311 308 259 88 147 148 149 -118 120 -72 -71 -157 183 269 36 37 186 195 271 -220 -219 -218 -244 -8 -7 -6 -285 -284 -283 -282 265 222 -224 -312 -311 -310 -299 -298 131 164 165 166 -31 $
13. -269 -268 -267 -266 -265 239 240 241 242 -229 -228 -47 102 103 288 289 290 72 -98 109 -120 118 92 -306 -281 42 43 44 294 295 296 -14 -75 77 293 151 -3 -96 267 296 297 -130 -129 257 73 74 220 221 -237 -211 -210 209 -148 25 -260 -140 28 90 -5 -4 -3 194 -282 -281 73 -309 -308 59 60 -132 -61 133 199 131 62 -274 -273 -272 $
2. 65 66 67 68 -93 307 -310 -309 -258 -98 -97 -96 -95 -299 -41 -112 136 137 -117 255 256 192 82 -91 -161 116 115 $
3. -54 -53 302 -154 -153 17 18 19 -207 176 177 178 179 180 277 -5 181 27 328 1 190 89 90 70 212 -213 -78 -81 171 $
4. -135 -262 -261 -260 277 278 279 -153 -51 -50 -49 -325 -145 34 -307 93 268 -327 -250 251 252 253 -263 12 245 246 -248 -151 141 106 193 194 -185 -184 -196 -195 -251 -253 124 -322 323 135 $
5. 1 2 305 306 -92 -138 137 -319 -318 -322 323 326 327 328 232 -104 236 -102 47 150 59 60 61 -14 -13 -12 -11 249 $
6. -30 -127 66 -58 -57 -187 191 32 33 34 35 36 230 231 232 233 -241 -99 -286 284 285 -283 48 -213 -114 156 -182 -26 261 86 -87 303 304 62 -63 64 270 271 22 -21 -20 149 -276 275 -274 -273 321 247 $
7. 272 -320 38 39 40 154 -152 -56 -218 -217 172 173 152 -16 192 206 207 208 326 107 -85 83 -162 280 -316 -315 -170 -170 -169 -168 58 132 160 161 162 254 234 235 -287 42 110 -109 193 -2 -312 -303 155 15 -255 24 25 26 216 $
8. -216 -215 -214 8 9 10 -248 -247 -246 65 -126 -125 239 240 100 101 -46 304 110 -17 -16 -15 -115 -116 117 95 -266 -208 233 -279 -295 -294 -293 -57 278 173 174 94 243 -298 -297 175 176 -237 -104 -103 -49 -212 -211 13 -167 -126 178 -252 186 188 -89 -105 150 $
9. 23 24 -147 221 -225 223 -123 -122 -121 258 259 -69 -276 -275 -97 -163 84 121 202 -201 177 37 79 106 82 -91 -204 -197 -130 -205 6 7 -75 -74 -215 314 315 179 -228 -227 -84 -83 85 86 87 88 80 214 -313 254 119 -113 -111 44 45 -46 -101 182 183 184 -292 $


# markers coordinates
1. 1 45284 89650 3 349219 366862 5 35604 54580
2. 1 88183 104895 5 52982 61359 7 749305 756230
3. 1 105182 124560 13 709544 716174 13 1076233 1091239
4. 1 115841 145317 13 1069787 1086206 10 334536 348964
5. 1 163950 171146 3 295005 299600 13 1061770 1068665
6. 1 176105 203007 12 1151884 1160783 9 527038 538259
7. 1 210571 230399 12 1139528 1150311 9 539916 555597
8. 1 232406 244831 8 57283 69547 12 1131528 1137753
9. 1 244463 257407 8 69155 73754 11 1065616 1070479
10. 1 263239 307840 12 42659 62442 8 74843 97248
11. 1 307969 321087 5 602040 623017 12 65336 72710
12. 1 320680 332899 5 598020 602573 4 366246 374657
13. 1 333187 381002 8 857901 884210 5 574930 597611
14. 1 389395 410927 5 562625 574713 13 605540 614760
15. 1 412103 469450 8 297272 330155 7 860266 883119
16. 1 453967 474560 8 295680 308477 7 262926 265861
17. 1 475021 525335 3 153063 174038 8 277540 293980
18. 1 521686 542346 3 170694 182799 10 513918 519347
19. 1 537150 553749 3 177284 188487 10 1010761 1016439
20. 1 554152 601722 11 681944 708222 6 694044 728454
21. 1 603815 628748 6 689331 693255 11 664264 681161
22. 1 632974 644291 6 679960 688631 11 655617 663646
23. 1 644551 664970 9 26900 34250 11 647277 655035
24. 1 656772 695686 9 32511 49980 7 902228 921407
25. 1 695833 708436 13 964915 971030 7 922035 927521
26. 1 709045 724385 6 503890 515221 7 930351 935969
27. 1 738393 750841 3 305020 311018 12 531918 538496
28. 1 767160 775697 11 251638 255719 13 1023374 1034308
29. 1 774870 842521 11 255258 287335 12 235616 269401
30. 1 894334 914734 11 25117 41964 6 29705 37489
31. 2 51813 78780 11 1262741 1281027 12 1402112 1416664
32. 2 76933 172186 11 1207824 1264606 6 156044 186711
33. 2 168346 193249 6 183385 190858 11 754675 763710
34. 2 191750 198928 6 189377 193596 4 221349 222174
35. 2 196790 208902 6 191278 196375 10 391191 397424
36. 2 215750 301064 6 201002 228725 12 940058 1010390
37. 2 307830 319420 9 367258 382112 12 1014256 1021956
38. 2 329534 345728 7 75218 84360 10 12254 17376
39. 2 340435 388497 7 78457 110589 11 367761 382255
40. 2 388170 396242 11 381995 385763 7 112898 114614
41. 2 395136 438896 11 384567 419447 2 262590 308585
42. 2 439233 451226 13 534252 540689 7 714360 720413
43. 2 457268 478948 1 387856 392117 13 540950 556215
44. 2 474656 490607 13 552160 559691 9 917977 926948
45. 2 487902 519343 9 923833 945856 11 718797 736248
46. 2 524855 536068 8 236058 243129 9 946987 949287
47. 2 541499 557226 13 197743 216605 5 446284 453716
48. 2 574800 604994 6 410151 440642 12 705599 709081
49. 2 607486 634653 8 825191 844737 4 173338 180025
50. 2 631624 674049 4 155762 176382 11 1186011 1206017
51. 2 669743 711096 4 133799 160327 11 769801 782054
52. 2 713833 724383 11 782350 784844 10 961496 968085
53. 2 722818 734733 11 783120 789843 3 62224 68512
54. 2 734944 762553 11 792641 799762 3 45221 61893
55. 2 759923 776680 11 797486 809671 11 107542 111808
56. 2 774838 790824 11 103486 108984 7 158546 170054
57. 2 803571 855260 8 598643 631460 6 88454 120079
58. 2 859752 886324 6 73893 85160 7 592179 612073
59. 2 888665 912767 5 514301 535264 13 1173658 1178432
60. 2 903186 930841 5 524717 544144 13 1182052 1184443
61. 2 916731 951618 5 537663 558652 13 1201576 1215718
62. 2 974922 1005077 6 588828 605073 13 1291976 1309018
63. 2 1007438 1025675 6 610882 618324 12 560846 568678
64. 2 1025058 1047285 12 568070 576640 6 621735 640732
65. 3 72288 100054 2 45168 61944 8 151640 167569
66. 3 100873 114299 6 59518 67393 2 63903 72197
67. 3 114863 138025 11 568119 572231 2 73366 85951
68. 3 155529 200773 10 829222 843774 2 96302 112864
69. 3 276274 304898 10 774882 793583 9 166931 171944
70. 3 309787 336520 10 753062 774323 3 435373 438381
71. 3 416891 446611 12 889774 910155 11 67074 78096
72. 3 447448 454263 13 324009 329923 12 882891 888521
73. 3 463491 471157 13 1117631 1121727 13 810184 813732
74. 3 497580 551125 9 577324 603598 13 829069 849096
75. 3 553571 580185 13 617997 625557 9 560169 574262
76. 3 608274 642253 11 819369 821907 12 606070 633758
77. 3 611209 659215 12 602208 632361 13 626330 630400
78. 3 673183 720157 3 467626 500970 11 141618 161375
79. 3 720519 744514 9 394159 403722 11 162060 169974
80. 3 747926 782688 9 783133 792341 11 112575 126314
81. 3 786827 809517 11 126584 141359 3 501476 512000
82. 3 809753 819724 9 425468 428716 2 420544 423979
83. 3 833618 846812 9 718481 725275 7 437162 447584
84. 3 847128 858949 9 256224 261949 9 714551 718086
85. 3 865789 880281 9 725369 733490 7 432932 436983
86. 3 879298 889855 9 732591 738312 6 525230 529534
87. 3 902383 913326 6 529892 532601 9 749478 755738
88. 3 908528 927463 9 750496 763521 12 759865 762494
89. 3 957963 978489 8 955495 964630 3 403729 409343
90. 3 976369 1028056 3 407265 433236 13 1035054 1059914
91. 3 1028353 1067580 9 429791 447637 2 424411 434227
92. 3 1077112 1187381 13 398183 460739 5 138109 218279
93. 3 1192946 1219198 2 119648 134892 4 250405 269073
94. 4 24754 38141 8 682518 695530 12 40198 42092
95. 4 48583 64798 8 385778 392418 2 236029 241424
96. 4 60876 81170 2 232347 239847 13 716775 721944
97. 4 84647 89528 2 228209 231172 9 237396 241882
98. 4 98188 126819 13 331097 349230 2 216053 227815
99. 4 127275 149968 10 630978 650640 6 331850 343438
100. 4 146546 187783 10 617932 634214 8 199107 226485
101. 4 175434 195464 8 215958 231687 9 950095 952801
102. 4 200047 227027 5 440794 445412 13 217235 237735
103. 4 208093 233524 13 219813 240875 8 816990 820383
104. 4 235410 239399 5 401745 405310 8 814034 816685
105. 4 259895 321968 8 967366 1002118 11 1127317 1159199
106. 4 324588 358328 9 409866 424704 4 426132 438157
107. 4 365852 414029 12 354287 376577 7 408842 432661
108. 4 412470 461884 12 348799 355885 12 384929 424460
109. 4 478110 490149 7 729919 735797 13 364771 370457
110. 4 503196 524490 8 256682 268742 7 720895 724472
111. 4 538606 583116 9 898504 911175 10 465532 508583
112. 4 582391 596784 10 507849 512100 2 319012 330068
113. 4 602669 622535 9 885451 895441 10 460655 464562
114. 4 624385 643873 11 1027333 1039063 6 472760 481514
115. 4 708312 730999 8 341230 365192 2 459394 476955
116. 4 737574 750117 8 365612 369616 2 451396 458314
117. 4 758233 761419 2 367614 370695 8 369916 373573
118. 4 764130 783102 12 851958 861443 13 393154 397505
119. 4 803363 836897 9 867666 878417 1 218655 226444
120. 4 872379 909301 12 863297 878506 13 372122 390294
121. 4 928230 968620 9 117899 144637 9 271461 285239
122. 4 966929 984649 9 114899 119680 12 147817 161764
123. 4 986913 1006364 9 107768 114420 12 135948 147288
124. 4 1007392 1034548 4 569398 577645 12 161992 173590
125. 4 1033664 1043239 12 172658 176894 8 179000 181229
126. 4 1042085 1062412 8 168305 180167 8 891140 901978
127. 4 1063148 1090266 6 41539 58971 11 43874 63162
128. 4 1091666 1099639 12 213115 214807 11 295826 301382
129. 4 1098968 1135229 12 182580 213789 13 752098 777851
130. 4 1140924 1148943 13 748504 751392 9 512839 518633
131. 4 1149318 1158608 12 1374165 1378776 13 1282841 1289136
132. 4 1161815 1175508 13 1184684 1191262 7 615498 621630
133. 4 1175612 1189358 11 969098 977090 13 1216701 1224765
134. 4 1204606 1215377 12 77798 83050 10 695093 705907
135. 4 1217440 1241199 4 634224 641457 4 23693 32868
136. 5 43978 73701 1 104865 120042 2 354365 360640
137. 5 75498 83387 2 361572 366863 5 251868 254496
138. 5 103009 152227 5 219246 251656 10 1126896 1152284
139. 5 153037 169025 11 580733 592617 12 523561 528417
140. 5 171315 191207 11 244992 251245 13 1006975 1022088
141. 5 196218 206616 4 418104 425376 10 1016825 1022596
142. 5 223754 268669 11 852307 873969 10 111185 135501
143. 5 269419 287496 11 1115569 1127089 11 301825 310294
144. 5 291806 315307 11 737165 754136 11 311316 333698
145. 5 312647 339587 11 329108 336357 4 199161 220477
146. 5 341206 393859 1 340501 365696 11 336673 367043
147. 5 394898 453766 9 50356 69090 12 763580 788813
148. 5 451281 487482 12 786578 815453 13 955022 964633
149. 5 503100 530566 6 744275 768123 12 817664 822054
150. 5 530588 581649 8 1004900 1028632 5 477209 504324
151. 5 589348 619368 13 681693 706572 4 410309 415548
152. 5 629884 654652 7 135200 148561 7 243429 258052
153. 5 662660 671034 3 142575 151177 4 125834 131713
154. 5 671388 684953 7 121156 129410 3 136270 142399
155. 5 693415 762081 10 973259 1002204 7 804969 854562
156. 5 757410 775353 10 997347 1008063 6 482637 486685
157. 5 786273 808413 10 523169 532869 12 913323 919461
158. 5 806002 820308 10 530428 540032 10 848348 853219
159. 5 820709 835242 11 960893 968584 10 853530 860210
160. 5 835921 851134 12 426695 439813 7 622994 627198
161. 5 851255 867616 2 435437 444315 7 628181 639675
162. 5 863204 875751 7 635311 645166 7 451365 458822
163. 5 882964 916391 9 242221 254048 12 440385 475686
164. 5 916623 933271 12 1382623 1393190 12 476407 484447
165. 5 935578 945101 12 484823 493490 12 1393531 1395160
166. 5 944430 955843 12 1394489 1400046 11 942861 949853
167. 5 970904 988197 10 540710 554044 8 884592 886701
168. 5 985553 1047727 10 551562 596457 7 565237 591095
169. 5 1049450 1100923 7 524827 564474 10 1084251 1124381
170. 5 1103459 1110476 7 504344 510572 7 516813 524050
171. 5 1120781 1163600 11 462359 494746 3 512277 535849
172. 5 1191449 1210388 11 542446 552314 7 206880 214417
173. 5 1219459 1261983 8 642001 671061 7 218003 235315
174. 5 1251927 1276172 8 659326 678154 12 300308 305846
175. 6 41362 60450 1 461930 472251 8 740607 752349
176. 6 59899 112166 8 751810 777293 3 202920 219238
177. 6 106788 120882 3 213832 223767 9 358219 364824
178. 6 120931 131120 3 226767 235732 8 902895 905048
179. 6 131250 154055 9 667962 683536 3 236112 240083
180. 6 154310 167073 11 925647 932143 3 240649 254007
181. 6 169409 181723 3 300099 304296 1 378874 387066
182. 6 198818 217091 6 487684 493813 9 953159 1029775
183. 6 217712 256868 12 924096 933567 9 1030282 1058296
184. 6 243632 279071 9 1046028 1064482 4 472577 487597
185. 6 274302 307018 4 462407 477369 12 542849 560045
186. 6 312042 330389 8 921571 935815 12 1023487 1027637
187. 6 331544 340759 6 121015 127767 11 875357 880252
188. 6 351154 368558 10 187614 199970 8 942183 947986
189. 6 379103 401741 10 200829 221737 12 270033 276934
190. 6 402603 409171 12 278611 292745 3 370762 375249
191. 6 420136 432514 11 881947 888938 6 131725 138878
192. 6 444390 480882 7 272520 299668 2 400331 414932
193. 6 487543 509824 7 736112 748964 4 440080 449353
194. 6 508580 528104 4 448106 461483 13 1091979 1094299
195. 6 531394 541464 12 1030941 1036026 4 508364 514225
196. 6 540760 582536 4 492687 509071 10 223820 261843
197. 6 571758 604433 10 236641 269104 9 490959 506502
198. 6 608052 652684 12 88807 118295 10 269575 283750
199. 6 663205 734557 10 286973 327555 13 1239700 1275807
200. 6 743532 775002 10 597098 612270 10 907869 926774
201. 6 770952 850949 10 871867 912635 9 302137 352557
202. 6 858747 871981 9 292162 301485 10 865291 870335
203. 6 885478 919763 12 122716 134274 1 399220 415297
204. 6 911211 951660 1 410626 432625 9 448237 482860
205. 6 954676 975240 9 518933 526099 1 433577 444401
206. 6 975352 1016037 7 308963 339247 1 445085 460515
207. 6 1013209 1028191 7 335869 347866 3 189501 201796
208. 6 1025145 1044860 7 343363 354011 8 429542 441790
209. 6 1049320 1072329 13 946553 952685 11 495585 508714
210. 6 1065165 1115273 11 500434 533820 13 921030 941660
211. 6 1120568 1141090 13 896312 918188 8 851585 857344
212. 6 1146158 1155436 8 845036 849446 3 439306 443318
213. 6 1164522 1212990 3 447029 461520 6 453083 471395
214. 6 1221606 1277957 8 24048 56736 9 800170 833582
215. 6 1278090 1287940 9 620231 627233 8 19281 23119
216. 6 1286984 1321289 8 13625 20294 7 937230 972009
217. 7 49770 67577 7 194550 206627 11 534680 542127
218. 7 63745 109974 7 170682 198652 12 1095287 1125994
219. 7 108616 114612 12 1092916 1096501 11 809979 813049
220. 7 113536 132163 12 1069785 1093983 13 852150 856036
221. 7 132663 149529 9 75399 83682 13 856349 862501
222. 7 150598 161150 12 1230393 1238776 1 264152 270040
223. 7 160278 192421 1 269090 291704 9 93934 107614
224. 7 190967 208593 1 290595 296371 12 1239169 1250064
225. 7 207823 218479 1 295534 302576 9 90566 92625
226. 7 218969 265721 11 996303 1010889 1 302938 326594
227. 7 261471 282010 1 324013 333465 9 701045 710987
228. 7 282042 307215 13 175916 187731 9 683898 699771
229. 7 306241 321764 13 170175 176896 11 932509 942407
230. 7 322002 359993 6 248281 275234 12 493841 512580
231. 7 359196 378922 6 274470 283517 10 1152662 1160797
232. 7 376448 403143 6 281010 298569 5 396810 401083
233. 7 417526 444455 6 303484 316759 8 447256 464314
234. 7 444920 464649 10 1023529 1038017 7 668453 677353
235. 7 470045 517169 11 597610 626527 7 684868 706420
236. 7 514850 562853 11 624046 646401 5 405705 434820
237. 7 563231 601690 8 786770 813058 13 866454 895236
238. 7 609418 651939 1 172608 206377 1 226945 263575
239. 7 652944 682298 13 117010 127094 8 182137 186539
240. 7 672170 702248 8 184473 197907 13 132330 146641
241. 7 700095 727894 13 144593 166683 6 316924 330736
242. 7 721802 736961 13 159500 168917 10 1038392 1046446
243. 7 732678 804121 10 1041784 1067086 8 696225 716766
244. 7 796294 812267 10 1061847 1070431 12 1126417 1129742
245. 7 809568 819614 10 1068578 1078322 4 376920 382356
246. 7 825589 866707 4 382689 398763 8 123328 151306
247. 7 862958 882802 8 115828 127302 6 879436 885076
248. 7 876462 901554 8 98818 122711 4 406872 410097
249. 7 906252 989761 10 21048 94358 5 623237 654839
250. 7 989965 1031466 4 300025 314522 10 94620 108195
251. 7 1056146 1117621 4 522559 559723 4 314724 342586
252. 7 1118998 1136645 8 911146 919955 4 343595 350898
253. 7 1135994 1145870 4 350302 352706 4 560448 568502
254. 7 1165467 1197817 9 851234 866701 7 648943 666740
255. 7 1198648 1238779 7 887666 900093 2 373956 387465
256. 7 1238951 1258892 11 90112 103117 2 393430 399442
257. 7 1257984 1276699 11 86725 91011 13 785153 791161
258. 7 1295197 1322301 2 194461 215538 9 146481 154103
259. 7 1323190 1346535 12 735080 755529 9 154612 165565
260. 7 1351648 1384366 4 71400 92625 13 971284 986919
261. 7 1383092 1405796 4 47786 72689 6 516481 521724
262. 7 1406494 1421530 10 423298 433539 4 41436 45531
263. 7 1443707 1450927 4 357058 360937 10 446347 449728
264. 7 1452894 1465290 11 1046127 1048711 10 450562 460413
265. 7 1479120 1551510 12 1182455 1230090 13 76881 107617
266. 7 1552344 1576708 8 394311 413093 13 63827 76687
267. 7 1574930 1590873 13 57126 65470 13 722174 729724
268. 7 1588074 1605203 13 49330 59723 4 284942 288308
269. 7 1600926 1622211 13 30628 53538 12 937224 939430
270. 7 1622778 1671386 6 640833 664771 12 577023 596184
271. 7 1667193 1706417 6 661325 676192 12 1036568 1059915
272. 8 47944 141885 13 1336137 1384451 7 14591 60460
273. 8 142399 155316 6 843128 849691 13 1330802 1335714
274. 8 155887 191886 6 827705 841134 13 1310378 1330655
275. 8 193079 233112 9 190099 230274 6 823014 827500
276. 8 206731 267338 9 176743 215971 6 781219 816544
277. 8 268843 286162 3 259114 273524 4 93272 96986
278. 8 286345 303429 8 631794 641736 4 97236 106263
279. 8 303571 331380 8 477828 495118 4 106570 122993
280. 8 365757 401858 7 462671 477126 11 420248 448486
281. 8 402212 440488 13 509383 533189 13 1106535 1117143
282. 8 441255 448700 12 1178883 1182037 13 1102767 1106280
283. 8 447930 473366 12 1176224 1179725 6 375906 393825
284. 8 474006 488639 6 362972 370358 12 1167086 1174681
285. 8 486897 495425 12 1163497 1169041 6 372239 374983
286. 8 510519 529974 11 889559 899623 6 345084 359086
287. 8 530194 534725 7 706598 710267 11 899951 901326
288. 8 534156 555957 11 900862 911268 13 241386 253472
289. 8 566194 646817 13 255200 309063 10 352904 390529
290. 8 645924 673942 13 308170 319822 12 312371 330334
291. 8 672653 708851 12 329039 345797 10 651309 665289
292. 8 709141 746078 9 1069404 1084882 10 665599 686331
293. 8 746386 843114 13 630670 676479 8 533744 586826
294. 8 843768 874345 13 563163 575390 8 506003 532872
295. 8 873713 898776 13 575740 584786 8 501094 506608
296. 8 902190 929730 13 585392 603266 13 730042 741557
297. 8 930403 953307 8 721553 737137 13 743020 748398
298. 8 952882 962071 8 718943 721984 12 1368557 1373662
299. 8 966625 983475 12 1352229 1368082 2 253495 258152
300. 8 1006556 1051008 11 1071625 1093994 10 929926 953072
301. 8 1055800 1080364 10 953621 960785 11 1099215 1111150
302. 8 1071082 1096457 11 1101728 1114491 3 69396 80435
303. 8 1138536 1191008 6 541830 575037 7 776549 804190
304. 8 1194120 1212855 6 575499 587703 8 247359 249908
305. 8 1268068 1277045 11 1052591 1056518 5 80514 86371
306. 8 1274788 1369827 5 83838 137465 13 461446 508861
307. 8 1370148 1391167 2 137174 150934 4 239710 248318
308. 8 1396707 1411015 12 720723 734599 13 1161812 1170199
309. 8 1411076 1464801 2 176316 191136 13 1122109 1159440
310. 8 1472912 1532581 2 154275 175709 12 1304574 1336559
311. 8 1533540 1565445 12 1292693 1303778 12 710007 719259
312. 8 1560676 1615480 12 1250713 1297674 7 756917 775835
313. 8 1622863 1645153 9 833793 843228 11 977846 988584
314. 8 1646518 1671220 9 627769 651519 11 988919 995625
315. 8 1666901 1696920 9 645956 667057 7 486778 503951
316. 8 1695802 1715738 7 477815 487911 11 170897 175987
317. 8 1711498 1748067 11 172341 178252 10 399703 422898
318. 8 1817259 1879100 5 273462 290372 1 145388 172349
319. 8 1879578 1922841 1 18037 44030 5 260593 272837
320. 8 1923392 1956181 1 51137 70485 7 63258 70570
321. 8 1972651 2016306 6 852168 878704 1 85331 104028
322. 8 2019038 2025424 5 291237 294588 4 579863 582834
323. 8 2031731 2101317 5 295320 323887 4 583144 628748
324. 8 2105501 2180214 12 652387 704913 11 188731 216290
325. 8 2187706 2207387 4 181792 198355 11 179166 187847
326. 8 2209672 2243381 5 331962 348294 7 367226 385404
327. 8 2243456 2257630 4 289675 299850 5 351240 357376
328. 8 2260513 2301876 5 357552 391189 3 311804 333745
