>Zrouxii$
1. 1 2 3 4 5 6 7 8 9 10 11 12 13 14 15 16 17 18 19 20 21 22 23 24 25 26 27 28 29 30 31 32 33 34 35 36 37 $
2. 38 39 40 41 42 43 44 45 46 47 48 49 50 51 52 53 54 55 56 57 58 59 60 61 62 63 64 65 66 67 68 69 70 71 72 73 $
3. 74 75 76 77 78 79 80 81 82 83 84 85 86 87 88 89 90 91 92 93 94 95 96 97 98 99 100 101 102 103 104 105 106 107 108 109 110 111 112 $
4. 113 114 115 116 117 118 119 120 121 122 123 124 125 126 127 128 129 130 131 132 133 134 135 136 137 138 139 140 141 142 143 144 145 146 147 148 149 150 151 152 153 154 155 156 157 158 159 160 161 162 $
5. 163 164 165 166 167 168 169 170 171 172 173 174 175 176 177 178 179 180 181 182 183 184 185 186 187 188 $
6. 189 190 191 192 193 194 195 196 197 198 199 200 201 202 203 204 205 206 207 208 209 210 211 212 213 214 215 216 217 218 219 220 221 222 223 224 225 226 227 $
7. 228 229 230 231 232 233 234 235 236 237 238 239 240 241 242 243 244 245 246 247 248 249 250 251 252 253 254 255 256 257 258 259 260 261 262 263 264 265 266 267 268 269 270 271 272 273 274 275 $

>Sbayanus$
420. 47 $
436. 149 $
449. 126 $
451. -20 $
452. 49 $
454. 119 $
457. -274 $
458. -264 $
459. -80 $
461. 28 $
462. -21 $
463. -34 $
468. 156 $
470. -131 $
474. -137 $
475. 44 $
476. 19 $
477. -184 $
480. -151 $
481. -129 $
482. -90 $
484. 140 -138 $
485. -223 $
486. 105 $
487. -59 $
488. -164 -236 $
490. -105 $
491. -165 $
494. 199 $
495. -137 $
496. 52 $
497. -29 $
500. 171 $
501. 93 $
502. 50 51 $
503. -77 $
504. 41 224 $
505. 58 $
507. -63 $
508. -39 -178 $
509. -139 141 $
510. 53 $
512. 238 $
513. -177 $
514. 239 240 241 $
516. 27 $
517. 162 $
518. -121 $
519. 109 $
520. -211 $
521. -205 -204 -203 $
522. -216 $
523. -12 -11 $
524. 132 $
525. -104 $
527. 157 158 $
528. -216 $
529. -148 $
532. -9 $
533. 218 $
534. 252 253 $
535. 94 $
536. 153 154 $
537. 138 -140 -139 $
538. -95 $
539. -76 $
540. 241 $
541. -48 $
542. -13 -12 $
543. 256 $
544. -15 -260 -75 $
545. 54 $
546. -121 $
548. -71 117 120 $
549. -143 $
550. 13 46 $
551. -7 23 $
552. -208 17 $
554. -47 -46 $
555. 150 145 -237 67 $
556. -236 -234 $
557. -235 -275 -274 $
558. 57 $
559. 270 $
560. -212 -198 $
561. -92 6 -202 $
562. -76 $
563. -272 -271 $
565. 55 -36 -35 $
566. 61 38 $
568. -73 $
569. 227 $
570. 141 -20 -19 -18 $
571. -210 128 $
572. -104 262 263 $
573. -120 $
574. -151 88 $
575. -258 -32 -72 $
576. -243 246 247 $
577. -229 155 $
578. 4 -5 $
579. -232 $
580. -18 -17 208 209 231 $
581. -267 -116 69 $
583. -211 -152 $
585. -82 -182 -102 -245 $
586. -60 $
587. 143 144 88 $
588. -189 -166 -165 $
589. 125 -214 $
590. -250 -249 -248 $
591. -130 -129 -128 210 $
592. -212 -198 $
593. 233 234 $
594. -163 -114 -113 $
595. 275 154 -271 $
596. 80 81 26 $
597. -273 $
598. -136 -83 155 $
599. -70 220 -56 98 $
600. 246 243 103 $
602. 244 $
603. 176 81 26 27 $
604. 1 2 -106 -257 $
605. 244 -39 $
606. -229 $
607. -222 -221 -220 -219 $
609. 119 4 5 -157 -187 $
610. 112 $
611. 10 11 -9 $
612. 64 -24 -22 $
613. 54 55 221 -36 -35 -34 -33 $
614. 127 230 89 $
615. -200 -199 $
616. 267 42 $
617. 115 -68 $
618. 41 92 93 28 29 $
619. 63 -228 $
620. -231 -209 -59 -58 $
621. -188 -187 -186 $
622. 272 $
623. 226 227 $
624. 163 273 $
625. 43 -168 215 $
627. -107 3 118 $
628. -188 -156 96 $
629. 193 $
630. -264 -263 -97 -261 -203 7 $
631. -226 -225 -224 -52 -51 -204 -14 $
632. 206 -122 37 217 -30 $
633. 159 91 158 159 $
634. 230 -196 -195 -194 $
635. 200 201 142 213 207 -16 $
636. 45 -86 -101 -111 -110 $
637. 185 -85 -83 $
638. -147 -90 -89 179 180 -190 $
639. -33 -250 -38 -152 $
640. -73 $
641. -79 -78 $
642. 111 101 86 -45 -44 $
643. 1 -69 -68 $
644. -133 -2 57 -228 $
645. -186 116 -153 -136 172 $
646. -31 -103 -253 31 -60 -252 -251 $
648. -100 -160 -268 117 $
650. -10 -248 -247 255 $
651. 15 16 -207 135 84 85 -185 -184 $
652. -114 -113 40 177 178 179 190 -180 -189 -166 $
653. -251 -192 -70 -56 98 -133 $
654. -115 $
655. -176 -175 -174 -84 -135 -134 99 161 $
656. 144 145 146 147 148 149 150 -87 $
657. -233 270 -25 -24 -23 -22 -21 $
658. -183 -182 -102 -245 -235 213 -142 -201 $
659. -79 -78 -53 $
660. -8 -191 181 254 -242 259 62 $
661. 195 -196 -169 215 265 266 108 $
662. 64 65 66 67 $
663. -66 -65 -268 262 -96 $
664. 74 -124 -123 $
665. -118 -3 107 $
666. 162 223 -134 99 161 $
667. 240 239 -238 94 95 218 $
668. 40 -164 -87 14 261 97 71 72 32 258 $
669. 249 -127 -126 -125 $
670. -170 197 -237 232 265 -219 266 $
671. 131 132 -106 -257 -256 -214 75 260 $
672. 61 -25 -192 -194 -193 -77 -130 $
673. 74 -124 -123 $
674. -269 169 6 -202 -183 -167 $
675. -225 175 -174 -173 -172 160 100 112 $
676. 173 -171 -170 197 146 222 $
677. -62 -259 242 -269 -168 -43 -42 -91 $
678. 167 82 206 -122 37 217 -30 -205 49 50 -48 -110 -109 -108 -255 -254 -181 191 8 $


# markers coordinates
1. 1 27895 66078 643 4695 27516 604 11648 26169
2. 1 64264 70144 604 24415 28141 644 19994 22130
3. 1 70521 148399 665 24288 80661 627 47336 82379
4. 1 152134 172587 609 6956 21864 578 6132 17222
5. 1 171184 180214 609 20389 25730 578 24618 27245
6. 1 190417 218489 561 9592 20798 674 114951 132081
7. 1 218642 228956 551 646 11325 630 88345 92349
8. 1 245136 287290 678 336471 362653 660 1140 23822
9. 1 290829 319076 532 4863 25848 611 55496 67145
10. 1 341547 382434 611 10432 29396 650 1526 20002
11. 1 378082 394848 611 26919 34189 523 21151 27241
12. 1 391929 407969 523 15554 23757 542 16680 28356
13. 1 430218 440329 550 5797 14783 542 5772 8581
14. 1 445269 458269 631 68934 78585 668 40215 42824
15. 1 464812 468128 651 1311 2744 544 998 2988
16. 1 467735 501123 651 2484 28596 635 91532 101131
17. 1 502230 535530 552 13474 27465 580 9969 21458
18. 1 533368 548204 580 4635 11765 570 17844 32464
19. 1 546489 558638 570 13406 19574 476 8861 15304
20. 1 558027 574811 570 8775 14044 451 1931 6817
21. 1 609274 630471 657 110895 124410 462 1128 6613
22. 1 635126 648702 657 103578 110796 612 63060 71260
23. 1 649194 654045 551 18690 20175 657 99692 103013
24. 1 654330 686257 612 47445 62592 657 77995 99006
25. 1 679908 736831 657 46998 86087 672 18523 43175
26. 1 743360 753262 596 60441 69664 603 43366 48127
27. 1 756859 779131 516 63 18916 603 50042 55657
28. 1 794785 817625 618 45302 59141 461 510 7646
29. 1 811216 825357 618 56069 63706 497 12497 16497
30. 1 846010 851625 632 90971 92345 678 104314 108796
31. 1 859035 871780 646 34596 41453 646 1986 9084
32. 1 923141 956263 575 10300 31982 668 113995 129094
33. 1 970760 986038 613 66544 75367 639 1059 6092
34. 1 979094 998369 613 60685 71365 463 3845 6905
35. 1 989965 1011358 613 51190 66225 565 23441 33947
36. 1 1009687 1024135 613 39937 52830 565 16339 20375
37. 1 1025863 1070792 678 61560 86711 632 28881 55691
38. 2 27528 67361 639 39190 55614 566 12539 33086
39. 2 68798 91647 508 3650 11384 605 34452 48513
40. 2 147594 160975 668 5637 9899 652 25966 32205
41. 2 213939 222366 618 3823 7122 504 2932 7311
42. 2 224426 316878 677 103759 165072 616 9230 62774
43. 2 301728 344430 677 91877 120430 625 1646 25281
44. 2 345085 370969 642 98281 110856 475 1372 11901
45. 2 368532 377770 642 95236 101078 636 2741 9077
46. 2 383089 420328 550 15805 29830 554 9950 38318
47. 2 417804 431110 554 3910 12731 420 990 3122
48. 2 444535 482573 678 144454 167646 541 1325 28277
49. 2 483249 492816 452 1834 6524 678 131475 140468
50. 2 490609 503220 678 134527 143956 502 1797 10411
51. 2 500661 528096 502 8312 15455 631 49285 63036
52. 2 513145 540387 631 38830 57461 496 7969 12323
53. 2 546314 556837 510 2432 12757 659 88669 90356
54. 2 589365 613626 545 11422 26479 613 3903 17551
55. 2 610538 634705 613 14591 32310 565 806 11854
56. 2 635368 649370 653 67255 78487 599 18036 24255
57. 2 653727 697842 644 22181 39418 558 1160 29139
58. 2 738659 757642 505 1685 17377 620 48948 52451
59. 2 762282 772036 487 4801 12815 620 34960 38350
60. 2 776502 818526 646 42734 60264 586 2012 22148
61. 2 827010 836191 566 1355 7148 672 2431 5935
62. 2 869260 906810 677 1454 28353 660 101921 119304
63. 2 927652 964677 619 1789 29313 507 9000 21105
64. 2 966138 1051782 662 2304 65203 612 12943 46859
65. 2 1045283 1086134 662 58639 81032 663 16855 40677
66. 2 1089862 1109596 663 7350 15878 662 82469 94305
67. 2 1110636 1140828 555 25568 28053 662 96237 124342
68. 2 1141003 1200248 617 28727 52879 643 42116 89204
69. 2 1196539 1218466 643 39066 45641 581 29697 39945
70. 2 1220207 1254097 653 43325 66781 599 2444 11425
71. 2 1274684 1281522 668 85600 89091 548 899 3881
72. 2 1280287 1307162 668 87853 110648 575 34821 42277
73. 2 1329195 1358575 640 35781 58333 568 11608 18769
74. 3 25627 67634 664 18158 44830 673 52352 80316
75. 3 69331 74693 544 23771 26490 671 135476 137945
76. 3 78422 100898 562 12097 25593 539 4454 9850
77. 3 103175 148564 672 113658 143056 503 736 19677
78. 3 165011 189626 641 64929 85653 659 79728 86385
79. 3 190557 289425 659 21511 77370 641 15755 64402
80. 3 303875 320337 596 6097 20497 459 5697 9721
81. 3 318833 374428 596 18661 58464 603 19585 42041
82. 3 378230 401967 678 17577 34206 585 1637 12785
83. 3 405401 415392 637 44911 48305 598 17133 24517
84. 3 415683 429283 651 54304 61312 655 37420 44737
85. 3 426186 452729 651 58412 74057 637 28503 34901
86. 3 475283 495555 642 83974 94942 636 9606 19866
87. 3 496188 514647 668 19075 29011 656 109115 120133
88. 3 517467 538476 587 56476 65558 574 24677 37076
89. 3 542516 567750 614 57518 67274 638 21231 35352
90. 3 574411 594334 482 2979 12133 638 15529 19868
91. 3 626690 689354 677 166491 211028 633 17726 51980
92. 3 694173 710539 618 7451 17118 561 3333 8909
93. 3 706160 724627 618 13766 24951 501 1062 10604
94. 3 728087 768475 535 3453 21365 667 52228 82942
95. 3 780631 817447 538 1652 17122 667 91053 113475
96. 3 823644 845398 628 35912 53527 663 96849 102012
97. 3 859291 884312 630 48371 65368 668 60253 69119
98. 3 884402 926518 653 84704 107430 599 29667 54887
99. 3 933952 945028 655 94528 99685 666 78910 84719
100. 3 946320 968194 648 4461 14511 675 128201 138859
101. 3 968549 1028692 642 32901 74718 636 27518 51804
102. 3 1054258 1066079 585 20484 25776 658 33746 39483
103. 3 1071540 1081664 600 38461 43840 646 14913 19943
104. 3 1091310 1123506 525 2116 18897 572 5170 18074
105. 3 1138306 1151066 490 1810 11100 486 812 5251
106. 3 1154196 1165966 671 32391 39582 604 28481 34048
107. 3 1166132 1197094 627 25899 45405 665 80915 92354
108. 3 1224660 1264447 661 112733 132913 678 228478 255618
109. 3 1263467 1309701 678 197331 229563 519 145 20952
110. 3 1307057 1354396 678 167919 200272 636 78187 92444
111. 3 1352024 1389724 636 52659 80475 642 16382 32319
112. 3 1390088 1415331 675 139264 148174 610 5969 14133
113. 4 37639 53115 652 9373 22609 594 24815 30556
114. 4 52186 59237 652 5656 10323 594 12184 14487
115. 4 60373 129284 654 18168 70594 617 5477 25270
116. 4 134493 155147 581 15990 29193 645 19979 28023
117. 4 163231 177982 548 5931 12197 648 71052 80737
118. 4 180577 210548 665 2475 24194 627 84530 98728
119. 4 216145 229688 454 1164 6672 609 919 6100
120. 4 234330 260658 573 25434 36068 548 14522 23823
121. 4 285423 316468 546 7974 29845 518 3163 18035
122. 4 317703 334801 632 14196 27308 678 55758 61105
123. 4 341949 391610 664 57752 73637 673 110778 150121
124. 4 389907 428465 664 45094 59254 673 80852 105929
125. 4 430819 461377 669 57117 82394 589 12037 16342
126. 4 448819 477050 669 51186 69101 449 1302 5408
127. 4 471717 491128 669 43525 56921 614 2553 10065
128. 4 495428 532301 591 23804 46627 571 33197 47191
129. 4 531615 540546 591 18462 24196 481 2498 11079
130. 4 556125 590912 672 144535 164964 591 1303 17250
131. 4 606410 643769 470 1745 12523 671 5121 22426
132. 4 641122 670576 671 19752 32184 524 4316 21576
133. 4 670765 689122 644 2706 19805 653 110080 116256
134. 4 690941 756608 655 63368 94265 666 30856 78763
135. 4 755964 778812 655 44864 64021 651 40505 48104
136. 4 788633 818914 645 58793 85951 598 3836 15103
137. 4 823900 851901 495 942 17447 474 4721 12783
138. 4 852141 859137 484 6422 10667 537 2051 4770
139. 4 863358 894282 509 2291 15908 537 14435 31480
140. 4 886303 908351 537 5521 21308 484 2491 6200
141. 4 911004 921158 509 16082 20499 570 3274 8382
142. 4 921315 928028 635 54664 58364 658 103390 105913
143. 4 941141 992679 549 4846 30914 587 3308 31220
144. 4 1008230 1026027 587 39559 51600 656 597 9610
145. 4 1021530 1032810 656 4757 13223 555 3760 6723
146. 4 1029940 1058166 656 9895 29806 676 86047 94164
147. 4 1045338 1082225 656 19678 41982 638 328 11078
148. 4 1082974 1144795 529 6767 26699 656 42185 81370
149. 4 1113664 1168281 656 61508 97731 436 530 3906
150. 4 1171732 1185839 656 98009 108928 555 253 2884
151. 4 1197934 1222345 574 1228 18923 480 2304 7084
152. 4 1227917 1267685 639 71968 99023 583 22683 45671
153. 4 1268414 1286165 536 9892 14062 645 33270 47491
154. 4 1287804 1298113 595 15161 21901 536 14629 18955
155. 4 1298587 1320878 598 36977 47182 577 25681 37033
156. 4 1333270 1344626 628 26917 31761 468 2874 9556
157. 4 1345440 1367928 527 6377 20301 609 37298 48061
158. 4 1367485 1384941 527 19885 25036 633 57237 70230
159. 4 1382235 1397503 633 65329 72366 633 1191 11418
160. 4 1402514 1419208 648 15420 25124 675 119355 124969
161. 4 1420126 1438966 666 84947 92982 655 99949 108598
162. 4 1439376 1465410 666 3132 18170 517 4537 15871
163. 5 43920 53504 594 5782 11966 624 4549 7102
164. 5 54938 59811 488 384 3023 668 10297 12673
165. 5 60873 83180 491 3164 14942 588 42503 52915
166. 5 97201 114142 588 24937 36175 652 108555 115848
167. 5 114616 146066 674 177246 190632 678 638 13139
168. 5 167692 182817 625 26372 28055 677 85083 91005
169. 5 183200 223959 661 30595 64077 674 77876 95111
170. 5 225906 250518 670 1461 18230 676 38655 48524
171. 5 247502 265570 676 33211 41902 500 1996 7950
172. 5 267206 288316 645 87492 101570 675 102165 117859
173. 5 285779 295847 675 94011 104872 676 26915 30164
174. 5 292938 342152 675 53827 96878 655 26703 36827
175. 5 346758 383838 655 10830 26343 675 37080 51352
176. 5 379654 390405 655 9051 15180 603 6390 10608
177. 5 434758 452372 652 39794 52717 513 3230 6123
178. 5 449379 458569 652 49588 53614 508 15053 18829
179. 5 457871 487783 652 52940 64291 638 43613 71891
180. 5 487921 511869 652 74524 88321 638 72203 82780
181. 5 515664 531153 678 316010 326114 660 35137 40209
182. 5 531316 538909 658 29383 33255 585 16976 20229
183. 5 539098 577946 674 150330 173946 658 5882 27109
184. 5 592487 612434 651 96386 105763 477 1938 14321
185. 5 611472 644723 651 83539 97276 637 1413 21578
186. 5 699587 705790 621 64257 67490 645 1450 2713
187. 5 704618 728698 621 49378 65513 609 48521 59779
188. 5 722374 785757 621 8611 54137 628 5536 21466
189. 6 54556 79920 588 2047 19255 652 88952 103380
190. 6 80328 99159 652 64593 73737 638 87862 94242
191. 6 101180 109975 660 29353 32237 678 326433 335885
192. 6 122337 137055 653 18596 25215 672 45926 55088
193. 6 181671 299866 629 10757 64345 672 60129 101293
194. 6 299249 332930 634 46087 78200 672 57668 60779
195. 6 359133 385712 661 1939 13337 634 29312 41986
196. 6 384123 401429 634 26303 30916 661 14847 24697
197. 6 418416 461502 676 49746 82683 670 19155 32635
198. 6 485184 499975 560 31336 33773 592 45678 52130
199. 6 506859 533414 494 945 16022 615 61544 67971
200. 6 536276 613213 635 2293 46941 615 1766 59004
201. 6 612245 633561 635 45967 54446 658 106285 117853
202. 6 633692 651402 561 21030 34212 674 132299 136914
203. 6 670688 682129 521 15816 23236 630 76865 81461
204. 6 680894 691825 521 10486 17045 631 63317 68397
205. 6 691992 722887 678 112858 130743 521 3286 8038
206. 6 723285 751558 632 2679 13885 678 37778 54166
207. 6 754433 775760 635 76531 91269 651 28802 39529
208. 6 775871 798419 580 21946 37786 552 3693 11180
209. 6 797169 825735 580 36428 53129 620 14228 29010
210. 6 826246 856342 591 47065 57903 571 3738 30694
211. 6 866249 907813 520 3163 24578 583 2654 21792
212. 6 908737 963855 592 6463 45183 560 3755 23898
213. 6 964265 985910 635 58519 74977 658 93921 100931
214. 6 1005809 1047383 671 105414 129752 589 19835 46198
215. 6 1059094 1100751 625 28233 54474 661 64528 88839
216. 6 1142020 1197896 522 907 29560 528 6664 30495
217. 6 1203405 1235638 632 63682 85033 678 91103 103948
218. 6 1236488 1292728 667 116685 152960 533 3166 13766
219. 6 1306798 1329480 607 38618 59282 670 117017 119754
220. 6 1334261 1353407 599 12155 17499 607 20778 34370
221. 6 1359556 1372935 613 32742 38761 607 12456 18993
222. 6 1367233 1386636 607 659 18000 676 113715 117390
223. 6 1397098 1408871 666 23815 30653 485 7161 10064
224. 6 1417445 1438057 504 12071 24598 631 29644 37826
225. 6 1439669 1483173 675 173 30478 631 6636 28814
226. 6 1482022 1494331 631 1496 7763 623 599 8607
227. 6 1500097 1534383 569 5269 15326 623 11998 38628
228. 7 30608 47560 644 40484 56844 619 36522 37951
229. 7 48668 64982 577 10745 22542 606 32470 39905
230. 7 81774 97826 634 501 10135 614 30344 41174
231. 7 123893 133521 620 8114 13971 580 53737 55394
232. 7 139724 187553 670 57860 81009 579 15795 38156
233. 7 200939 238213 593 943 24048 657 924 13169
234. 7 247798 267064 556 25632 35688 593 25721 41678
235. 7 271038 287969 658 75177 85452 557 5117 10712
236. 7 296534 307433 556 12465 20553 488 7910 12420
237. 7 359309 387135 670 38978 54223 555 10397 24597
238. 7 387238 429749 667 21913 49553 512 2036 17164
239. 7 437660 448534 667 13291 18167 514 1215 6263
240. 7 446414 458794 514 3762 8865 667 3809 10271
241. 7 485315 503569 514 13418 19151 540 17757 32344
242. 7 542611 556491 660 80737 89373 677 37974 47552
243. 7 559273 580774 600 15336 29795 576 7575 15289
244. 7 596422 652075 602 23482 47895 605 7057 30437
245. 7 663951 714661 658 40146 73482 585 26231 57274
246. 7 740111 771838 576 19159 38786 600 3124 14525
247. 7 764438 783968 576 32512 41175 650 36765 43446
248. 7 780268 829696 650 22165 40470 590 26788 57088
249. 7 826937 861167 590 12623 29538 669 14662 30711
250. 7 867947 893062 639 20449 38723 590 695 10663
251. 7 912593 928904 646 84930 90697 653 4184 16792
252. 7 934447 960925 646 69241 80703 534 938 15929
253. 7 959555 973930 534 14466 20032 646 20441 32409
254. 7 976302 1021629 678 276728 308453 660 51581 67468
255. 7 1028467 1060478 678 257562 271663 650 77076 93497
256. 7 1086392 1126527 671 57038 83751 543 760 24243
257. 7 1125418 1149786 671 40132 58138 604 34439 43711
258. 7 1153270 1168134 668 129226 138266 575 1683 10057
259. 7 1176171 1195970 677 29416 37640 660 89727 99483
260. 7 1262430 1295927 544 4311 23360 671 138346 153694
261. 7 1296083 1310980 630 65702 74731 668 49150 53488
262. 7 1326230 1345064 572 23073 37049 663 86230 87404
263. 7 1332425 1373202 572 25790 40727 630 16649 42025
264. 7 1353358 1399949 630 2786 36708 458 346 9001
265. 7 1417239 1456277 670 86290 116644 661 94668 105139
266. 7 1456443 1462624 670 120146 124017 661 110329 112535
267. 7 1474383 1493431 616 240 8693 581 4949 14376
268. 7 1498154 1562237 648 30477 68615 663 45404 73224
269. 7 1563386 1624307 677 71550 83933 674 27087 77648
270. 7 1652252 1679685 657 26172 45026 559 11668 32256
271. 7 1693797 1712151 595 32334 39845 563 22910 36299
272. 7 1710873 1755509 563 2221 24152 622 4788 25049
273. 7 1759361 1776443 597 47275 57697 624 52299 65688
274. 7 1778142 1789856 557 23423 31051 457 730 5617
275. 7 1788792 1814950 557 12115 24475 595 726 13769
