>Kwaltii$
0. 1 2 3 4 5 6 7 8 9 10 $
14. 11 12 13 14 15 16 17 18 19 20 21 22 23 24 25 26 27 28 29 30 31 32 33 34 35 36 37 38 39 40 $
23. 41 42 43 44 45 46 47 48 49 50 51 52 53 54 55 56 57 58 59 60 61 62 63 64 65 66 67 68 69 70 71 72 73 74 75 76 77 78 79 80 81 82 83 84 85 86 87 88 $
26. 89 90 91 92 93 94 95 96 97 98 99 100 101 102 103 104 105 106 107 108 109 110 111 112 113 114 115 116 117 118 119 120 121 122 123 124 125 126 127 128 $
27. 129 130 131 132 133 134 135 136 137 138 139 140 141 142 143 144 145 146 147 148 149 150 151 152 153 154 155 156 157 158 159 160 161 162 163 164 165 166 167 168 169 $
33. 170 171 172 173 174 175 176 177 178 179 180 181 182 183 184 185 186 187 188 189 190 191 192 193 194 195 196 197 198 199 200 201 202 $
34. 203 204 205 206 207 208 209 210 211 212 213 214 $
47. 215 216 217 218 219 220 221 222 223 224 225 226 227 228 229 230 231 232 233 234 235 236 237 238 239 240 241 242 243 244 245 246 247 248 249 250 251 252 253 254 255 256 257 258 259 260 261 262 263 $
55. 264 265 266 267 268 269 270 271 272 273 274 275 276 277 278 279 280 281 282 283 284 285 286 287 288 289 290 291 292 293 294 295 296 297 298 299 300 301 302 303 304 305 306 307 $
56. 308 309 310 311 312 313 314 315 316 317 318 319 320 321 322 323 324 325 326 327 328 329 330 331 332 333 334 335 336 337 338 339 340 341 342 343 344 345 346 $

>Scastellii$
1002. -95 167 $
1004. 25 -24 -23 $
1005. -19 $
1006. 42 43 65 $
1007. -231 -74 $
1008. -131 $
1009. 52 -166 $
1010. -177 $
1011. 148 332 311 $
1013. 200 $
1014. -80 -79 142 244 345 -189 -145 -144 -143 $
1015. 12 13 $
1017. 26 27 -323 $
1018. 27 -323 $
1019. 92 $
1020. 170 171 -11 $
1022. 193 194 -181 -230 -229 -228 $
1023. -201 $
1025. 283 221 222 $
1027. 30 31 -32 284 225 -227 $
1028. 49 203 204 -239 -346 $
1029. 16 17 -242 69 241 -70 $
1030. -234 -233 -232 -231 21 -18 243 123 124 $
1031. 198 199 200 201 -131 $
1032. 311 312 195 196 197 $
1033. -304 -303 -72 $
1034. 103 104 -287 89 $
1035. 6 72 $
1036. -294 -256 -255 -254 -253 $
1038. -28 324 -326 -325 327 -329 -328 -331 -330 $
1039. -71 -325 327 -329 $
1040. -236 97 -99 93 94 -98 100 249 250 251 252 289 -285 106 107 -92 $
1041. 237 238 -61 41 -127 58 59 60 74 75 -77 -76 $
1042. 319 -141 $
1043. -189 -145 $
1044. -171 -170 $
1045. 289 -285 -94 89 90 93 $
1046. 313 314 128 $
1047. -116 119 138 $
1048. 57 $
1049. -146 23 24 $
1050. -194 193 322 310 -309 -192 $
1051. 139 164 205 275 276 -122 -121 -120 -137 -136 135 -180 -130 $
1052. 276 122 $
1053. -48 -47 -46 $
1054. 153 $
1055. 310 26 343 344 -182 174 -267 -266 302 73 $
1056. -214 8 9 10 -2 40 1 -39 -38 -37 -95 167 -178 $
1057. -299 -269 -14 $
1058. 172 173 174 -336 -335 -334 -333 -76 -75 -78 -77 -41 $
1059. 264 265 -301 -300 -299 -269 -268 245 246 247 -82 -340 -339 $
1060. -217 -216 -215 218 219 220 34 $
1061. -149 -331 -330 -317 179 16 17 -242 -241 69 70 226 227 35 $
1062. 251 $
1063. -322 -314 -313 -309 -308 $
127. 33 $
2000. 62 63 64 183 $
2001. 128 -127 58 59 60 61 -346 $
2002. 244 79 80 81 341 342 343 344 $
2003. 55 50 51 52 -166 -165 140 141 -319 320 54 169 -179 317 318 321 $
219. -308 $
241. -273 $
248. -312 $
342. -197 $
343. -51 $
378. 107 $
400. 281 $
416. 342 $
417. -184 $
431. -168 $
458. 338 $
459. 28 $
465. 147 $
472. 4 $
474. 7 $
485. -129 $
488. -5 $
489. -106 $
490. -104 $
491. 62 $
497. -135 $
502. -316 $
506. -150 $
510. 144 $
518. -315 $
519. -169 15 $
520. -277 $
522. 286 $
525. 91 $
527. -96 $
528. -29 $
532. 337 $
536. -178 $
537. 345 $
539. 90 $
541. -272 -271 $
542. -173 12 $
547. 220 221 $
549. 209 $
555. -29 $
558. -6 $
559. -224 -223 $
560. -208 -191 $
562. -156 -155 $
565. -278 $
566. -318 328 $
567. -159 $
568. -158 -157 $
573. 3 $
575. -36 $
576. 324 -326 $
577. -288 -287 $
578. -42 $
580. 298 270 $
581. 316 $
582. -177 $
583. -68 -210 -209 -208 $
584. 207 -274 $
585. 304 305 $
587. 172 $
588. 181 -78 $
589. -307 -306 $
595. 168 $
596. 44 $
600. -151 $
602. -71 -35 226 $
604. 282 283 34 $
605. 113 -114 115 $
608. -134 $
610. -302 266 $
613. -49 -48 46 47 $
614. 279 $
616. 102 103 $
617. -199 -198 $
618. 214 3 $
619. -91 $
620. -196 -195 -192 $
621. -96 $
622. -282 -281 $
623. 30 204 -239 -238 $
625. 108 83 84 $
626. -180 129 130 $
628. -315 -11 -213 -212 -211 -210 $
629. 86 87 88 $
630. -87 $
631. -73 $
634. -175 $
635. -303 -165 140 $
639. -235 19 $
640. -118 -117 $
641. -250 -249 -248 109 $
646. 272 273 274 206 207 $
648. 36 228 -300 $
649. 13 14 -191 -190 -111 -110 $
651. -176 $
653. 119 120 121 $
654. 185 186 $
658. 296 297 298 270 271 $
660. -102 -101 248 246 -268 245 -247 190 $
664. -162 -161 -160 $
666. 112 -188 -187 $
668. -235 -232 -234 -233 -22 -105 $
671. 152 153 -68 -67 -66 $
672. -143 -142 -182 -267 $
673. 277 278 279 202 -105 132 $
675. 40 1 -39 -38 -37 $
676. -295 291 292 293 257 258 $
677. 63 64 183 184 185 -8 $
679. -45 -44 -240 154 $
682. 45 -151 -150 -149 $
683. 20 21 -18 243 123 124 125 126 $
686. -206 -25 $
687. -263 -262 -261 -260 -259 $
689. 175 176 $
694. 43 65 66 213 -67 $
695. 152 4 5 -202 132 133 -211 -7 212 $
696. -275 -205 164 -139 -138 -137 -136 $
697. 2 -10 -9 186 187 188 -112 229 $
700. 163 113 -118 -117 -116 -115 114 $
701. 81 341 $
702. -20 -230 301 -265 -264 $
705. -290 280 56 53 54 55 50 $
709. -288 286 133 134 -111 -110 -109 -108 $
710. 203 22 -31 32 33 -225 -284 -321 $
712. -263 -262 -261 -260 -259 -258 -257 -293 $
714. -297 -296 -295 -294 -256 -255 -254 -253 -252 $
716. -292 290 -291 280 56 53 -307 -306 -305 320 15 $
719. 125 126 -57 -224 -223 -222 -219 -218 215 216 -217 $
720. 146 147 148 332 333 -339 -338 -337 -336 -335 -334 340 82 83 84 85 86 -88 $
721. -163 -162 -161 -160 -159 -158 -157 -156 -155 -154 -240 -237 -236 97 -99 -98 100 101 -85 $


# markers coordinates
1. 0 10814 24833 675 27573 37645 1056 68395 73749
2. 0 25906 40035 697 461 8896 1056 33452 38285
3. 0 46082 70685 618 13206 23614 573 3 12078
4. 0 88989 99268 472 356 8275 695 11173 16820
5. 0 102257 112111 488 2 7748 695 17005 22038
6. 0 112362 122758 1035 164 9071 558 1880 4975
7. 0 130656 143594 474 3 7937 695 84556 88429
8. 0 159065 173588 677 61631 71866 1056 16198 20360
9. 0 177067 183202 1056 20796 25786 697 14775 18366
10. 0 183788 194371 1056 27530 33201 697 10324 14033
11. 14 85593 99782 1020 60053 73161 628 8261 12745
12. 14 101180 125912 542 5136 14221 1015 205 17385
13. 14 124224 141352 1015 15571 22849 649 1844 8962
14. 14 137502 151517 649 6786 11946 1057 45664 53011
15. 14 173440 184242 519 4677 14194 716 137109 142903
16. 14 199181 210448 1061 118625 126806 1029 12889 19588
17. 14 212675 253911 1029 19722 29784 1061 128900 149850
18. 14 256269 262828 1030 45188 48859 683 13816 17030
19. 14 268358 302960 1005 100 15310 639 11788 31566
20. 14 315842 324213 683 5696 9883 702 20884 25854
21. 14 323362 336942 683 9056 12591 1030 41576 44483
22. 14 357148 365623 710 21269 25636 668 24771 29939
23. 14 375150 388209 1049 15177 23936 1004 56319 60805
24. 14 390491 429696 1004 31613 56209 1049 24176 48040
25. 14 465413 492946 1004 1 15803 686 31629 50745
26. 14 498105 507756 1055 20669 33004 1017 3647 7128
27. 14 515151 522982 1018 9101 16062 1017 8424 11216
28. 14 524221 536719 1038 915 8971 459 3064 6882
29. 14 547112 568359 528 3048 15159 555 1 9049
30. 14 571638 575451 1027 3171 7955 623 803 4642
31. 14 577278 595584 710 26602 35154 1027 8320 14999
32. 14 596215 613374 1027 20750 25875 710 41409 53329
33. 14 607483 617441 710 47271 60714 127 3 556
34. 14 627452 642138 604 18638 26083 1060 88912 94692
35. 14 643215 657110 602 7089 14874 1061 232687 243206
36. 14 679677 697240 575 1175 10293 648 19150 22938
37. 14 719183 733089 1056 99770 106896 675 56681 66863
38. 14 734924 759956 675 46040 56513 1056 86653 99481
39. 14 761723 774783 675 38670 45373 1056 78595 85979
40. 14 788568 829806 675 9810 19480 1056 42879 68238
41. 23 48553 60381 1041 31701 38754 1058 207652 210742
42. 23 85646 136309 1006 3 28109 578 2488 28229
43. 23 136395 155276 694 8935 19937 1006 28553 35450
44. 23 185722 230494 596 4697 27652 679 11372 38817
45. 23 223136 254990 679 1346 19608 682 590 16562
46. 23 279160 287772 1053 48702 50546 613 22703 28921
47. 23 288566 301570 613 33636 40752 1053 43123 48269
48. 23 316837 362205 1053 191 28598 613 1926 17787
49. 23 359901 366431 613 2 4154 1028 1 2022
50. 23 378691 409673 2003 35551 47987 705 116346 122788
51. 23 408201 412728 2003 46458 50226 343 3 1663
52. 23 413550 415927 2003 50431 51811 1009 122 2670
53. 23 417181 434631 705 76316 87945 716 86258 93541
54. 23 426964 457473 705 80682 96066 2003 206432 219781
55. 23 465097 503948 2003 9783 34784 705 96318 115673
56. 23 504354 528128 716 62733 81002 705 49819 60800
57. 23 572566 633437 1048 3821 30842 719 29709 69816
58. 23 638903 647739 1041 49705 51636 2001 35405 41466
59. 23 646104 658835 2001 39958 43724 1041 53147 60388
60. 23 654900 670419 1041 56263 67917 2001 46391 50034
61. 23 670568 687877 1041 19724 31224 2001 55694 60026
62. 23 716698 755720 2000 1 29664 491 2252 10603
63. 23 749204 776032 2000 23557 42044 677 1423 13786
64. 23 776553 816425 2000 43331 72850 677 14116 40230
65. 23 832910 847988 694 20240 27643 1006 36322 43949
66. 23 885244 939626 694 42696 66068 671 40385 65350
67. 23 932420 948339 671 38073 46392 694 80723 86798
68. 23 948584 957153 583 2 4821 671 32577 37803
69. 23 968411 989299 1061 173911 190610 1029 37317 40359
70. 23 975572 1001656 1061 177334 201417 1029 51858 55884
71. 23 1030541 1038964 602 388 3509 1039 3 7425
72. 23 1069167 1110806 1033 21167 49831 1035 28469 44988
73. 23 1111941 1135546 631 24222 43824 1055 139129 142145
74. 23 1228109 1243925 1007 16158 31759 1041 96036 100188
75. 23 1250655 1270967 1058 178202 181239 1041 102798 118986
76. 23 1271096 1288292 1041 133624 143733 1058 174688 177348
77. 23 1284606 1295338 1041 130884 137361 1058 204050 207403
78. 23 1296239 1306811 588 24695 30307 1058 201316 203916
79. 23 1307213 1322829 1014 20480 26276 2002 25017 35884
80. 23 1311598 1333192 2002 27123 43222 1014 2 21373
81. 23 1333461 1417630 701 566 71568 2002 43430 92538
82. 23 1421630 1443731 720 142934 154654 1059 173181 190797
83. 23 1443939 1478742 625 22648 36330 720 154966 170890
84. 23 1491048 1520487 720 175262 201018 625 39854 46382
85. 23 1520600 1528597 721 276863 279149 720 205161 207995
86. 23 1530450 1549102 720 208092 222395 629 3 11323
87. 23 1549297 1587708 629 13663 27312 630 3 24421
88. 23 1588512 1607998 720 224907 239929 629 28780 35460
89. 26 40268 74430 1034 19138 36653 1045 58771 81752
90. 26 74581 95687 539 931 12139 1045 82903 94089
91. 26 96071 128531 525 305 8415 619 5968 29203
92. 26 137749 170415 1019 3 16583 1040 228518 240536
93. 26 187769 198666 1045 97306 107353 1040 23794 31121
94. 26 198052 266619 1040 30357 76016 1045 20878 56241
95. 26 293129 331207 1056 125714 151732 1002 1 15530
96. 26 373284 387954 527 2491 10966 621 24262 32171
97. 26 405557 424104 721 216107 233081 1040 6826 9407
98. 26 425941 436346 721 237544 246644 1040 76242 80039
99. 26 438553 446578 721 233252 237207 1040 9577 11994
100. 26 447231 478349 1040 82216 101531 721 247613 270799
101. 26 478727 502441 660 2633 19017 721 270823 275918
102. 26 491687 515333 660 2 14394 616 9747 25729
103. 26 511530 524359 616 21344 28012 1034 269 6840
104. 26 525818 534715 490 2465 8355 1034 8425 12920
105. 26 540694 554612 668 36495 47855 673 25002 32153
106. 26 588026 611687 489 1464 12060 1040 189639 194086
107. 26 613992 632575 1040 197982 208961 378 2 2516
108. 26 645436 683064 625 6083 15327 709 96392 124210
109. 26 699606 723477 709 71526 85539 641 46975 53117
110. 26 734626 758979 709 52632 68730 649 44116 57793
111. 26 755121 760923 649 43006 47166 709 50786 53483
112. 26 762369 800469 666 1306 24015 697 63968 82652
113. 26 800808 830190 700 21045 39306 605 2947 16959
114. 26 833709 842871 700 101297 103797 605 17517 25536
115. 26 849206 873248 700 83269 100323 605 26081 34259
116. 26 873667 890476 1047 463 10068 700 74365 83152
117. 26 890718 902381 640 35225 43908 700 67750 73855
118. 26 901383 943764 700 45079 68859 640 3 33313
119. 26 960466 1008928 653 5427 37340 1047 10907 32517
120. 26 1006401 1031665 653 34737 43359 1051 82975 107499
121. 26 1029923 1071649 1051 72152 84969 653 45042 62791
122. 26 1078532 1099247 1051 61870 70725 1052 26137 29903
123. 26 1126920 1145107 683 21190 42854 1030 62115 63316
124. 26 1147282 1162190 1030 63481 73697 683 43671 56908
125. 26 1177013 1185972 683 63694 67855 719 546 3226
126. 26 1186495 1208122 719 6384 22348 683 68365 75352
127. 26 1208350 1232780 1041 39547 49568 2001 20855 35081
128. 26 1234178 1290030 1046 11232 44697 2001 5291 20678
129. 27 20148 31676 485 1 4420 626 12002 21258
130. 27 27440 47660 626 16689 27175 1051 139006 148062
131. 27 105862 113778 1008 2889 8697 1031 35718 39558
132. 27 116234 164044 695 39914 70338 673 33737 59342
133. 27 158559 175001 695 64722 80665 709 25634 28995
134. 27 176672 221358 709 31626 44243 608 559 23710
135. 27 238096 246010 497 1149 7750 1051 126956 129904
136. 27 248037 261901 696 87796 96173 1051 118806 126134
137. 27 265612 277676 696 81779 87713 1051 112512 118263
138. 27 277926 326382 696 54948 77251 1047 32938 64317
139. 27 334852 344476 696 47514 53992 1051 245 2799
140. 27 347585 368300 635 36068 39102 2003 109379 124463
141. 27 354071 382577 2003 113146 133595 1042 70463 82722
142. 27 390650 427541 672 20567 39987 1014 36484 55496
143. 27 419502 478503 672 1 28250 1014 150066 168586
144. 27 479237 506903 510 1 13048 1014 134444 148274
145. 27 501753 557383 1014 103096 139567 1043 15473 45198
146. 27 631427 641931 1049 1 11396 720 3 3292
147. 27 640765 664710 720 2174 16876 465 1173 8514
148. 27 654646 680434 720 7048 22801 1011 3133 14431
149. 27 718211 730032 682 64545 71573 1061 2 4368
150. 27 736555 749114 682 56025 59204 506 2070 14091
151. 27 747261 778641 682 38007 58226 600 16759 29669
152. 27 810736 821323 695 163 7947 671 8465 15505
153. 27 825779 843764 671 16759 25610 1054 9412 26548
154. 27 859952 881675 679 52908 63064 721 150247 166949
155. 27 879969 923715 721 130054 152064 562 7767 21001
156. 27 922606 936212 562 126 8720 721 121914 127222
157. 27 936386 953678 568 12710 25478 721 118202 121649
158. 27 955070 964402 568 1056 12170 721 110845 117197
159. 27 966449 1014017 567 8419 24161 721 80901 110447
160. 27 1008250 1026087 721 72186 85372 664 57517 59745
161. 27 1028242 1043926 721 63445 71905 664 48468 57142
162. 27 1044936 1113975 664 5363 48194 721 27914 61682
163. 27 1120952 1156777 721 2 25912 700 173 13610
164. 27 1178866 1191276 696 34295 46546 1051 3878 6017
165. 27 1194770 1231777 635 18754 34855 2003 86071 108652
166. 27 1233434 1297055 1009 10790 49019 2003 53477 85300
167. 27 1304495 1327987 1056 155581 164791 1002 15938 28103
168. 27 1347453 1356942 595 2906 8331 431 426 3774
169. 27 1365378 1372406 519 1661 4234 2003 222120 226375
170. 33 31018 69805 1044 43041 70495 1020 20975 32447
171. 33 73157 112799 1044 6839 42277 1020 32483 52010
172. 33 138565 183322 1058 1972 28475 587 2031 26570
173. 33 228318 249455 1058 52041 71054 542 2623 5062
174. 33 254111 282030 1058 71994 96792 1055 70590 73358
175. 33 321288 369431 634 3 36817 689 1 29028
176. 33 369479 453073 651 21091 55369 689 29532 73678
177. 33 500819 513595 1010 3106 5444 582 10156 18760
178. 33 539186 553330 536 2218 7883 1056 170156 173845
179. 33 554863 565315 2003 231563 237850 1061 82593 92810
180. 33 591479 595238 626 383 3950 1051 133733 137487
181. 33 635109 643387 1022 30342 31883 588 6869 11398
182. 33 643620 667094 1055 50091 65860 672 44690 56510
183. 33 669559 677504 2000 73337 82205 677 40561 43688
184. 33 677694 684794 417 152 4521 677 43904 47423
185. 33 686999 728248 677 47941 60139 654 3 28102
186. 33 725749 771954 654 26039 58191 697 20037 37982
187. 33 777289 785771 697 40295 43859 666 59052 63890
188. 33 797679 817222 697 45422 55911 666 34457 44368
189. 33 819803 840858 1014 92073 102449 1043 3376 14630
190. 33 870348 880031 660 59179 68590 649 24071 27364
191. 33 881959 892675 649 16395 23871 560 16937 22339
192. 33 921404 931939 620 18724 27020 1050 75978 78262
193. 33 1023551 1042720 1022 2 3066 1050 16982 20601
194. 33 1045147 1049264 1050 13660 16891 1022 3790 5646
195. 33 1053843 1069153 620 5681 14622 1032 21653 29287
196. 33 1065599 1078988 1032 26516 33343 620 1 4681
197. 33 1075085 1086320 1032 29786 37119 342 1 1752
198. 33 1099033 1107071 1031 4012 9721 617 12690 16582
199. 33 1107369 1118469 617 6953 11292 1031 9916 15515
200. 33 1121071 1138550 1013 2 8235 1031 19614 27655
201. 33 1137424 1149668 1031 26303 33175 1023 2359 5897
202. 33 1157299 1173982 695 22493 39095 673 19522 23449
203. 34 68226 75735 710 9067 11502 1028 13509 18548
204. 34 74248 87544 1028 17035 27522 623 4636 15521
205. 34 90599 129670 696 6350 27462 1051 9472 36966
206. 34 132237 152508 686 1 12505 646 38229 43512
207. 34 153015 158682 584 151 3544 646 44023 46300
208. 34 159210 169019 583 22341 27854 560 2385 4401
209. 34 166821 193719 583 17896 24608 549 575 10580
210. 34 200617 212925 583 5617 17383 628 47066 52865
211. 34 213068 220608 695 81857 83978 628 42621 46434
212. 34 220030 226613 628 41065 43247 695 88748 92722
213. 34 228373 247204 628 28744 40256 694 66241 74562
214. 34 248036 270819 1056 7664 15529 618 1366 10044
215. 47 27701 38717 719 161027 169434 1060 43443 49766
216. 47 40990 67670 1060 27242 42926 719 169588 182624
217. 47 66753 107268 1060 4131 28282 719 184811 203304
218. 47 144447 170946 1060 50067 71506 719 152323 160291
219. 47 182308 192594 719 147585 150267 1060 72498 80456
220. 47 191410 202631 1060 79371 86820 547 1628 10724
221. 47 200574 213501 547 8724 11813 1025 24819 33709
222. 47 208846 250484 1025 29039 43551 719 115795 140376
223. 47 260044 265597 719 104681 109229 559 17216 19806
224. 47 267522 282822 559 12621 16761 719 95268 103780
225. 47 298673 305473 710 65757 74963 1027 38332 40596
226. 47 312857 326720 602 22058 31281 1061 204341 215775
227. 47 326979 350552 1027 46212 55745 1061 218507 223290
228. 47 376554 391776 648 28008 34389 1022 56678 63218
229. 47 389693 400571 1022 51309 58741 697 86011 89551
230. 47 396157 429862 1022 38791 56431 702 31432 48921
231. 47 434767 457059 1007 1882 15692 1030 37309 40270
232. 47 459443 490816 1030 9972 37080 668 13412 15562
233. 47 493297 500630 668 17352 24517 1030 7749 9970
234. 47 498051 503182 668 16222 20128 1030 272 1293
235. 47 517531 528242 668 7181 13130 639 8418 10880
236. 47 529314 534947 1040 746 4529 721 209354 215070
237. 47 534333 564969 721 194666 210130 1041 2 13450
238. 47 560543 577998 1041 8316 19239 623 24898 28423
239. 47 579209 592496 1028 33332 38761 623 16108 21744
240. 47 611227 625407 721 172421 182967 679 42471 45318
241. 47 626415 631014 1061 170503 173114 1029 40701 42842
242. 47 630280 661057 1061 150655 171295 1029 31147 36993
243. 47 662599 670645 1030 50209 56928 683 17277 20811
244. 47 688327 714250 2002 9003 23462 1014 72608 79624
245. 47 742039 762283 1059 148547 157641 660 43254 52830
246. 47 758683 779336 1059 154562 166760 660 22969 30378
247. 47 778653 787555 1059 166059 168882 660 53224 58739
248. 47 787992 795968 641 36831 42471 660 19276 22967
249. 47 796220 829721 1040 102425 125755 641 22404 36529
250. 47 827712 874591 1040 123776 150035 641 524 20064
251. 47 866776 893827 1040 146244 157465 1062 770 7528
252. 47 893267 911529 1040 156263 165186 714 120450 128450
253. 47 919990 949359 714 108938 118359 1036 60897 73595
254. 47 950704 988180 1036 40130 60608 714 84161 108782
255. 47 976274 1001659 1036 33485 47199 714 72056 84655
256. 47 1004428 1012305 1036 30820 32796 714 66807 71835
257. 47 1013635 1055955 712 98044 129464 676 34951 54930
258. 47 1056784 1069286 676 57563 64155 712 93228 96580
259. 47 1069594 1087452 687 62410 78650 712 85785 92342
260. 47 1087759 1100999 712 69157 83330 687 60831 62190
261. 47 1109834 1132907 712 44363 57803 687 40346 60509
262. 47 1133857 1178580 712 14098 44093 687 23811 39115
263. 47 1174899 1189306 687 20006 25454 712 8267 15036
264. 55 38363 61396 702 110592 117477 1059 12012 18222
265. 55 59360 110197 702 86866 112853 1059 26683 62193
266. 55 110704 152689 610 25126 32945 1055 83232 103211
267. 55 171200 177454 672 60353 62323 1055 75659 78855
268. 55 180962 193714 660 31366 40247 1059 139329 144465
269. 55 192767 208504 1059 128076 141242 1057 24828 35255
270. 55 209715 233991 580 13333 17238 658 32478 51474
271. 55 229288 243429 658 46957 58248 541 7335 15469
272. 55 251746 264835 646 2 1600 541 1 5779
273. 55 268088 280996 241 2 1225 646 2309 10381
274. 55 277029 323736 646 7012 34924 584 5800 29152
275. 55 327537 341824 696 518 6066 1051 37251 50494
276. 55 339692 350318 1051 46676 52425 1052 1 5750
277. 55 376673 381619 673 4979 7310 520 3 861
278. 55 380813 402268 673 6519 13775 565 4698 19392
279. 55 408526 412051 614 299 1494 673 17500 19378
280. 55 414783 458823 705 24842 48369 716 36637 62390
281. 55 469211 473227 400 3 2603 622 7679 11278
282. 55 483067 490732 622 3 7236 604 1 1420
283. 55 492829 537449 604 1680 18192 1025 4025 23175
284. 55 539973 550520 1027 29385 37759 710 90915 96757
285. 55 567643 575548 1045 9366 14659 1040 178384 184327
286. 55 588479 595219 522 2392 5412 709 14762 21173
287. 55 602056 610751 1034 13474 18799 577 13627 16986
288. 55 612247 634448 577 1 13419 709 2203 11945
289. 55 643831 648342 1045 6381 8637 1040 176943 178151
290. 55 688203 707091 705 3 13656 716 15927 23118
291. 55 709449 730241 716 23571 35148 676 15698 27972
292. 55 733385 745504 716 985 8181 676 29051 33944
293. 55 744992 749038 676 33393 34807 712 129615 130532
294. 55 749673 814740 714 24862 66300 1036 1050 30087
295. 55 814048 841701 714 11828 25656 676 43 15617
296. 55 842483 853991 658 3 6367 714 5211 11315
297. 55 853299 874189 714 50 6689 658 9566 24440
298. 55 878539 888585 658 25884 32286 580 5804 13213
299. 55 888748 935334 1059 100285 125822 1057 748 24608
300. 55 936455 953023 648 34940 49254 1059 87434 99953
301. 55 954908 1003133 1059 62428 86599 702 50260 86169
302. 55 1003961 1051820 1055 103495 137432 610 2 24832
303. 55 1054213 1074067 635 50 14494 1033 10369 20818
304. 55 1072361 1087192 1033 3058 12141 585 1 8033
305. 55 1081299 1095955 585 2305 15009 716 115334 117591
306. 55 1098857 1110143 589 18757 23585 716 106848 113197
307. 55 1115684 1139097 716 93754 106570 589 396 12419
308. 56 53478 64949 1063 25888 32702 219 1 1409
309. 56 62955 108958 1063 23422 27970 1050 60290 63717
310. 56 111021 120089 1050 55538 59261 1055 2910 7930
311. 56 154401 165506 1032 7340 15186 1011 25406 28518
312. 56 165102 168039 1032 14791 17070 248 2 1372
313. 56 176751 181970 1046 938 3815 1063 18459 22878
314. 56 179568 191564 1063 10931 20894 1046 4491 8853
315. 56 202750 212181 518 4474 8982 628 251 7741
316. 56 221620 242936 581 3 4411 502 2541 11035
317. 56 284859 313392 1061 67130 82122 2003 240152 257594
318. 56 310692 321696 2003 254660 260773 566 6906 11306
319. 56 323638 396327 1042 5042 53255 2003 144195 176394
320. 56 398220 404897 716 127112 130417 2003 200585 203283
321. 56 409746 449748 2003 266476 291443 710 100893 127975
322. 56 455311 462021 1050 47168 50112 1063 825 5941
323. 56 488241 510383 1017 12456 24677 1018 16318 30784
324. 56 517966 531126 576 2 6873 1038 13644 19058
325. 56 540859 554052 1038 34393 40085 1039 16703 24146
326. 56 554708 563321 576 17688 24727 1038 27896 33836
327. 56 564385 620864 1039 24533 55009 1038 40413 63835
328. 56 649753 664963 566 11667 23042 1038 89437 97184
329. 56 668862 727458 1039 55451 94276 1038 64071 89151
330. 56 732202 779460 1061 13590 38794 1038 118409 146951
331. 56 776647 786602 1061 6849 16541 1038 110478 115503
332. 56 788304 799942 720 23572 28850 1011 18995 25008
333. 56 802405 832592 1058 150148 162946 720 29193 45453
334. 56 833322 845203 720 116875 123057 1058 143538 149690
335. 56 846901 900035 720 85877 116621 1058 116764 143346
336. 56 899562 915162 1058 115088 117273 720 69320 83458
337. 56 906935 919107 720 65993 77013 532 13817 15713
338. 56 930311 951172 458 3 9046 720 53038 60914
339. 56 953760 963355 1059 204219 209260 720 45759 50009
340. 56 966614 978472 720 124040 137056 1059 193359 204044
341. 56 980441 1014766 2002 92957 111621 701 73022 94323
342. 56 1015021 1025613 416 242 1883 2002 112728 121721
343. 56 1034855 1056304 1055 33781 39223 2002 125771 146202
344. 56 1061240 1075381 2002 146534 153688 1055 39569 49214
345. 56 1076178 1099477 537 4259 15109 1014 80264 91733
346. 56 1113983 1145090 1028 52181 76345 2001 61840 71283
