>Klactis$
1. 1 2 3 4 5 6 7 8 9 10 11 12 13 14 15 16 17 18 19 20 21 22 23 24 25 26 27 28 29 30 31 32 $
2. 33 34 35 36 37 38 39 40 41 42 43 44 45 46 47 48 49 50 51 52 53 54 55 56 57 58 59 60 61 62 63 64 65 66 67 68 69 70 71 72 73 74 75 76 $
3. 77 78 79 80 81 82 83 84 85 86 87 88 89 90 91 92 93 94 95 96 97 98 99 100 101 102 103 104 105 106 107 108 109 110 111 112 113 114 115 116 117 118 119 120 121 122 123 124 125 126 127 128 129 130 131 132 133 134 135 136 137 138 139 140 141 142 $
4. 143 144 145 146 147 148 149 150 151 152 153 154 155 156 157 158 159 160 161 162 163 164 165 166 167 168 169 170 171 172 173 174 175 176 177 178 179 180 181 182 183 184 185 186 187 188 189 $
5. 190 191 192 193 194 195 196 197 198 199 200 201 202 203 204 205 206 207 208 209 210 211 212 213 214 215 216 217 218 219 220 221 222 223 224 225 226 227 228 229 230 231 232 233 234 235 236 237 238 239 240 241 242 243 244 245 246 247 248 249 250 251 252 253 254 255 256 257 258 259 260 261 262 263 264 265 266 267 268 $
6. 269 270 271 272 273 274 275 276 277 278 279 280 281 282 283 284 285 286 287 288 289 290 291 292 293 294 295 296 297 298 299 300 301 302 303 304 305 306 307 308 309 310 311 312 313 314 315 316 317 318 319 320 321 322 323 324 325 326 327 328 329 330 331 332 333 334 335 336 337 338 339 340 341 342 343 344 345 346 347 348 349 350 351 352 353 354 355 356 357 358 359 $

>Cglabrata$
1. 13 -26 -141 -143 223 -339 31 -25 -339 -260 -259 -258 -257 196 197 -324 301 -349 -171 251 252 253 254 -169 $
10. 225 -228 -165 -314 175 -176 183 202 203 -358 -100 -103 101 306 -160 -159 -39 -149 -148 -277 274 275 276 291 109 -123 265 -359 161 -288 -224 146 -157 -273 -272 -271 270 189 -82 -81 -80 -123 -122 -137 -136 287 288 -131 -130 281 286 214 292 49 -35 -174 -173 -226 127 128 162 -336 -92 -7 $
11. -76 -75 83 -53 238 239 297 132 227 -347 85 86 -309 352 -74 -247 -351 -71 -70 -324 -48 9 -73 -54 188 -210 -209 -22 -79 -333 36 129 -199 90 91 300 303 304 -298 -70 -350 -58 -164 -133 -132 -319 233 314 -68 178 104 105 106 33 95 346 -122 -11 -111 191 196 -31 -341 -148 185 130 131 -313 -71 -30 -285 -327 -56 -59 299 154 155 $
12. 167 172 163 134 358 -203 -251 322 263 24 213 351 352 247 176 177 305 -158 -157 -273 -272 -315 337 231 -315 -121 343 344 345 -8 333 -332 -66 -65 -355 -354 -353 -246 231 232 233 -308 -331 -236 -235 -323 -262 -295 -294 192 193 194 166 32 -16 53 -83 -109 201 -43 -229 10 67 182 -245 215 319 320 321 -23 -127 62 -290 -289 -99 -98 -97 -96 -47 -260 257 140 -308 329 -170 -114 344 345 346 155 $
13. 43 44 45 46 47 338 -242 -241 -174 -95 -198 -126 307 106 306 -160 -159 -158 16 -145 147 -32 -21 -116 -212 256 184 -55 -72 -349 -348 -267 -266 60 -38 15 -232 -268 217 218 217 218 216 -357 94 -45 60 61 115 213 -238 17 18 19 52 -261 240 20 208 209 193 -210 -192 294 -88 41 -74 -243 -102 -101 -357 181 -96 -55 17 330 331 -279 -278 117 118 -342 -11 -100 -103 -114 -356 27 28 29 124 280 $
2. 77 78 79 80 195 325 329 330 237 -145 93 94 138 -170 73 -9 -276 143 144 310 -220 -239 179 -152 -151 120 -153 $
3. -18 133 164 -313 -312 282 283 -248 291 292 -255 2 3 4 5 -33 42 -102 301 332 -190 -142 302 177 -244 -243 82 221 207 -86 -85 347 188 189 $
4. -269 39 40 41 42 205 206 283 58 59 56 69 -309 -118 -325 -195 -44 -165 311 -318 -317 -316 149 135 128 107 -216 -49 51 180 181 -66 -65 -64 -183 -182 318 -311 316 24 110 -139 269 $
5. -142 302 293 -185 -184 -256 212 116 21 92 144 -13 223 110 -139 -326 -190 -6 328 129 -199 126 -312 230 -219 -279 -278 342 -38 -37 -135 -134 225 -228 $
6. -76 -75 78 12 296 -68 178 -154 -299 350 -229 -8 -7 -6 34 241 146 -104 98 99 -97 207 341 214 -200 87 -40 84 334 -187 -186 -356 355 -354 -353 -246 -245 215 -91 300 304 -303 166 -234 -14 27 28 -141 108 $
7. -280 -124 -29 26 -48 -282 284 297 320 321 -23 -22 -1 -284 249 179 254 255 -211 -326 -337 -113 119 54 -222 335 335 336 -162 -161 -359 -12 -117 -121 -120 -119 340 35 36 -105 -72 156 -147 180 -293 140 187 -334 -281 286 150 -250 220 -89 -88 -87 204 $
8. -204 -63 168 -62 172 163 -108 -107 77 50 338 -242 224 57 -125 -186 156 248 249 250 -150 153 -310 -138 46 -194 211 34 -206 266 267 268 296 205 -1 -305 167 -173 -226 -61 169 2 240 20 328 -307 69 -221 208 37 -265 50 4 317 67 175 244 -30 -285 -327 230 -219 $
9. -90 -89 295 262 323 -261 -259 -258 322 263 264 -237 -236 -235 -81 -234 -14 93 -343 -112 -264 171 -137 -136 287 3 10 51 -152 -151 -252 -202 115 -253 289 290 15 -52 -19 -63 191 222 5 -198 -197 112 113 84 227 -168 111 340 25 -277 -275 -274 -348 298 -125 -57 200 201 64 270 271 $


# markers coordinates
1. 1 29717 65971 8 643447 671061 7 220990 235315
2. 1 67685 107668 3 204411 219238 8 752900 777293
3. 1 102036 117037 3 213832 223767 9 358219 364824
4. 1 117215 127760 3 226767 235732 8 902895 905048
5. 1 128139 148916 9 667962 683536 3 236112 240083
6. 1 159689 180854 6 281010 298569 5 396810 401083
7. 1 178458 194369 6 274470 283517 10 1152662 1160797
8. 1 193623 212568 6 266337 275234 12 499667 512580
9. 1 218592 249628 11 384567 411010 2 278007 308585
10. 1 269553 281165 9 367258 382112 12 1014256 1021956
11. 1 318067 334535 13 1216701 1224765 11 969098 977090
12. 1 345818 371615 6 73893 85160 7 592179 612073
13. 1 427861 453730 1 27915 44030 5 260593 267896
14. 1 457440 513349 9 184878 215971 6 792575 816544
15. 1 541545 562730 9 560169 574262 13 617997 625557
16. 1 563147 565819 12 882891 886271 13 326338 329923
17. 1 575020 583288 13 1117631 1121727 13 810184 813732
18. 1 586957 607812 3 29470 36599 13 814364 828219
19. 1 611055 618004 9 600351 603598 13 829069 835520
20. 1 636546 646013 8 804418 809386 13 882940 887063
21. 1 646573 676808 5 197603 215171 13 408582 427099
22. 1 677067 705853 7 194550 210882 11 534680 550349
23. 1 702046 710911 7 192990 198652 12 1122271 1125994
24. 1 711231 730312 4 569398 575462 12 161992 173590
25. 1 736461 750446 9 867666 874763 1 218655 226444
26. 1 767756 800781 7 63258 70570 1 47557 70485
27. 1 810967 843938 13 1310378 1330655 6 827705 841134
28. 1 844245 854900 6 843128 849691 13 1330802 1335714
29. 1 855406 891850 7 37404 60460 13 1336137 1349964
30. 1 917868 927005 11 1127317 1132257 8 967366 973576
31. 1 941784 952923 11 1019646 1023103 1 206981 213901
32. 1 978095 994158 13 374158 384297 12 872205 878506
33. 2 48523 59209 3 240649 249643 11 930063 932143
34. 2 61451 90067 6 303484 316759 8 447256 464314
35. 2 90746 110383 10 1023529 1038017 7 668453 677353
36. 2 115562 158455 11 597610 623378 7 684868 703104
37. 2 159037 191347 5 574930 594522 8 867213 884210
38. 2 199514 217747 5 562625 574713 13 607368 614760
39. 2 219931 227561 4 41436 45531 10 423298 427742
40. 2 228049 249552 4 47786 72689 6 516481 521724
41. 2 248299 281398 4 71400 92625 13 971284 986919
42. 2 280664 304733 4 92050 96986 3 255821 270051
43. 2 337996 363440 13 26473 53538 12 937224 939430
44. 2 359757 376745 13 49330 59723 4 284942 288308
45. 2 373969 390200 13 57126 65470 13 722174 729724
46. 2 388545 415888 13 63827 76687 8 394311 413093
47. 2 417088 490023 12 1182455 1230090 13 76881 107617
48. 2 507613 548259 11 367761 383776 7 78457 113554
49. 2 567908 575935 4 420985 425376 10 1016825 1022596
50. 2 576636 584164 8 176352 180167 8 895722 901978
51. 2 589699 619414 9 409866 424704 4 426132 438157
52. 2 623544 656828 13 835962 850558 9 577324 598887
53. 2 659591 675017 11 71269 78096 12 889774 900467
54. 2 681163 721240 7 462671 477126 11 420248 448486
55. 2 722254 748323 13 514847 533189 13 1107273 1117143
56. 2 749520 757571 4 166233 173042 11 1194600 1196584
57. 2 758017 772606 8 216932 231687 9 950095 952801
58. 2 785408 823954 4 133799 160327 11 769801 782054
59. 2 819170 835415 4 155762 165643 11 1197205 1206017
60. 2 840160 853665 13 596196 603266 13 733072 741557
61. 2 855327 880630 8 721553 737137 13 743020 748398
62. 2 895841 905954 8 59437 69547 12 1131528 1137753
63. 2 941796 950630 9 620231 627233 8 20670 23119
64. 2 951111 975658 9 1053030 1064482 4 472577 487597
65. 2 970761 989360 4 467712 477369 12 550938 560045
66. 2 989629 1002427 4 462407 465512 12 542849 550366
67. 2 1013848 1029105 8 924130 935815 12 1023487 1027637
68. 2 1030050 1040059 6 121015 127767 11 875357 881325
69. 2 1043344 1065621 8 825191 844737 4 176981 180025
70. 2 1088719 1112089 11 311316 333698 11 737165 754136
71. 2 1116729 1126543 11 1121873 1127089 11 303720 310294
72. 2 1134173 1145763 7 714360 720413 13 534252 540689
73. 2 1146006 1160833 2 262590 276693 11 413033 419447
74. 2 1170477 1198082 11 241338 255719 13 1006975 1034308
75. 2 1222276 1255655 6 38589 53176 11 34290 63162
76. 2 1248654 1269626 11 25117 41964 6 29705 37489
77. 3 62156 85293 2 45168 61944 8 151640 167569
78. 3 85863 95408 6 59518 67393 2 63903 72197
79. 3 97735 120482 11 568119 572231 2 73366 85951
80. 3 133089 160460 10 829222 845966 2 96302 112864
81. 3 227814 246508 10 774882 793583 9 166931 171944
82. 3 250633 279804 10 748336 774323 3 435373 438381
83. 3 318733 330481 12 901219 910155 11 67074 70683
84. 3 331750 342000 9 732591 738312 6 525230 529534
85. 3 346318 374447 3 482106 500970 11 141618 154897
86. 3 371620 386591 11 151967 161375 3 467626 479455
87. 3 417217 429795 6 507217 515221 7 930351 935969
88. 3 430441 441930 13 964915 971030 7 922035 927521
89. 3 461375 479665 7 907330 921407 9 34909 46705
90. 3 486863 503978 9 26900 34250 11 647277 655035
91. 3 504568 515991 6 679960 688631 11 655617 663646
92. 3 518508 550045 10 1126896 1152284 5 219246 242485
93. 3 550683 555882 9 237396 241882 2 228209 231172
94. 3 555112 565322 2 230087 235075 13 716775 720319
95. 3 566371 579217 11 935326 942407 13 170175 175595
96. 3 599885 608169 12 1178883 1182037 13 1101519 1106280
97. 3 607384 631778 12 1176224 1179725 6 375906 393825
98. 3 632987 644847 6 362972 370358 12 1170327 1174681
99. 3 646269 652705 6 372239 374983 12 1163497 1166753
100. 3 662466 724366 10 286973 324672 13 1239700 1263201
101. 3 739952 770776 13 1069787 1086206 10 334536 348964
102. 3 791144 799209 3 295005 299600 13 1061770 1068665
103. 3 799820 815795 13 1263880 1275807 10 324829 327555
104. 3 828109 848068 11 889559 899623 6 345084 359086
105. 3 848641 853379 7 706598 710267 11 899951 901326
106. 3 852807 871973 11 900862 907965 13 241386 253472
107. 3 874796 910381 4 382689 398763 8 123328 151306
108. 3 906848 925824 8 115828 127302 6 879436 885076
109. 3 971068 986999 10 523169 530043 12 913323 919461
110. 3 987546 996529 4 583144 588725 5 299473 302338
111. 3 1006574 1026942 9 833793 843228 11 977846 988584
112. 3 1041161 1051101 9 256224 261089 9 714551 718086
113. 3 1051312 1062944 7 437162 447584 9 718481 725275
114. 3 1068765 1081603 12 1374165 1381906 13 1282841 1289136
115. 3 1081988 1089890 9 512839 518633 13 748504 751392
116. 3 1090895 1096286 13 428607 432664 5 191834 194820
117. 3 1096922 1110593 13 1184684 1191262 7 615498 620898
118. 3 1109343 1122846 13 1189409 1196535 4 232229 239213
119. 3 1123917 1134621 7 454297 458822 7 635311 642332
120. 3 1130329 1148365 7 628181 639675 2 435437 444315
121. 3 1149711 1166092 12 426695 439813 7 622994 627198
122. 3 1167624 1182747 11 960893 968584 10 853530 860210
123. 3 1183412 1198063 10 530428 540032 10 848348 853219
124. 3 1198406 1238962 13 1350622 1373570 7 20428 36869
125. 3 1245226 1257896 8 232974 243129 9 946987 949287
126. 3 1262487 1271799 13 208704 216605 5 446284 450141
127. 3 1274520 1287006 10 1061847 1070431 12 1126417 1129742
128. 3 1284151 1294602 10 1068578 1078322 4 376920 382356
129. 3 1297342 1301640 11 625535 628170 5 405705 407983
130. 3 1316235 1328795 11 1071625 1078084 10 946436 953072
131. 3 1329012 1344842 11 1079157 1092509 10 941571 946055
132. 3 1356426 1367839 11 797486 805929 11 109615 111808
133. 3 1365488 1383405 11 794594 799762 3 45221 59502
134. 3 1385605 1399481 5 602040 623017 12 65336 72710
135. 3 1398915 1410417 5 598020 602573 4 366246 374657
136. 3 1421680 1441309 10 871867 878783 9 302137 317254
137. 3 1448866 1463295 9 292162 301485 10 865291 870335
138. 3 1473776 1481469 2 238507 241424 8 388457 392418
139. 3 1504341 1521394 5 312820 318685 4 605107 617181
140. 3 1544404 1591629 7 758811 775835 12 1256421 1293574
141. 3 1593820 1632441 6 852168 878704 1 85331 104028
142. 3 1638916 1654455 3 349219 354541 5 35604 47315
143. 4 59155 85126 1 104865 120042 2 354365 360640
144. 4 86703 94007 2 361572 366863 5 251868 254496
145. 4 120712 145628 13 332990 349230 2 217341 227815
146. 4 146344 159916 6 333955 343438 10 639077 650640
147. 4 193082 206063 7 729919 735797 13 364771 370457
148. 4 212703 227251 10 450562 460413 11 1046127 1048711
149. 4 228564 236146 4 357058 360937 10 446347 449728
150. 4 265761 286345 8 319316 330155 7 860266 873148
151. 4 287805 310193 9 431844 442861 2 427594 434227
152. 4 301249 313599 9 429791 438105 2 424411 431085
153. 4 409305 433353 8 339203 362520 2 460721 476955
154. 4 441827 475845 6 156044 170629 11 1240830 1264606
155. 4 473992 505442 11 1262741 1281027 12 1402112 1416664
156. 4 544437 561184 7 720895 724472 8 261006 265999
157. 4 562063 573502 10 651309 656890 12 329039 332939
158. 4 572219 599453 12 312371 330334 13 308170 319822
159. 4 598560 622467 13 295156 309063 10 375780 390529
160. 4 619630 642525 13 285179 298130 10 365325 377087
161. 4 664947 696760 10 568124 596457 7 565237 574407
162. 4 698125 738918 7 534171 564474 10 1084251 1115174
163. 4 747666 753723 12 58025 62442 8 91979 93657
164. 4 760795 771084 11 783120 789843 3 62224 68512
165. 4 792405 807614 4 308191 314522 10 101282 108195
166. 4 831834 852683 6 748281 762423 12 817664 822054
167. 4 861726 876927 8 682518 695530 12 40198 42092
168. 4 892955 927829 9 800170 816001 8 34932 56736
169. 4 973371 991099 8 740607 751419 1 461930 472251
170. 4 998670 1016927 12 1352229 1368082 2 253495 258152
171. 4 1051765 1061786 9 285637 291780 1 394613 398492
172. 4 1079740 1109728 12 42659 57239 8 74843 91592
173. 4 1110164 1128272 8 696225 699338 10 1041784 1051532
174. 4 1123794 1137693 10 1038392 1046446 13 159500 168917
175. 4 1153371 1170655 10 187614 199970 8 942183 947986
176. 4 1182559 1204817 10 200829 221737 12 270033 276934
177. 4 1205424 1216283 12 278611 292745 3 370762 377707
178. 4 1224490 1235584 11 881947 888938 6 131725 138878
179. 4 1242483 1275745 7 272520 299668 2 400331 414932
180. 4 1281895 1310870 7 736112 748964 4 440080 449353
181. 4 1309647 1322697 4 448106 461483 13 1091979 1094299
182. 4 1325624 1336230 12 1030941 1036026 4 508364 514225
183. 4 1335523 1366245 4 492687 509071 10 223820 237879
184. 4 1384826 1462060 5 83838 129146 13 472227 508861
185. 4 1459696 1470254 5 80514 86371 11 1052591 1056518
186. 4 1526808 1541135 8 247359 249908 6 575499 587703
187. 4 1544098 1589332 6 550656 575037 7 776549 796931
188. 4 1600915 1645897 11 463860 494746 3 512277 535849
189. 4 1646330 1687935 10 706716 747830 3 536419 541559
190. 5 32524 74684 5 357552 391189 3 311804 333745
191. 5 92292 119204 9 627769 644830 11 988919 994133
192. 5 132673 145816 13 955022 958915 12 801526 810026
193. 5 143257 154320 12 807622 815453 13 942333 945030
194. 5 149305 164748 12 810529 817236 8 419033 428207
195. 5 174481 199797 2 119648 132516 4 250405 269073
196. 5 214032 266232 11 996303 1010889 1 302938 326594
197. 5 263645 278937 1 324013 333465 9 701045 710987
198. 5 278965 306231 13 175916 187731 9 683898 699771
199. 5 309039 335921 5 415588 428360 11 630381 646401
200. 5 336505 355362 6 487684 493813 9 953159 1029775
201. 5 355734 365595 12 924096 927302 9 1030282 1035977
202. 5 373677 387441 10 262001 267695 9 490959 500331
203. 5 391816 410281 12 107233 118295 10 269575 278209
204. 5 423256 438168 8 13625 20294 7 937230 948917
205. 5 440889 459436 8 631794 641736 4 97236 106263
206. 5 459726 489966 8 477828 495118 4 106570 122993
207. 5 506394 531294 6 453083 471395 3 447029 456360
208. 5 531676 549598 8 851585 857344 13 901459 918188
209. 5 554413 601655 13 921030 941660 11 500434 533820
210. 5 594361 617452 11 495585 508714 13 946553 952685
211. 5 622701 643074 8 429542 441790 7 343363 354011
212. 5 643888 682890 5 143438 191754 13 433214 451939
213. 5 685564 697887 13 752098 762355 12 182135 185589
214. 5 699154 710793 6 482637 486685 10 1002530 1008063
215. 5 717476 729026 6 671942 676192 12 1052444 1059915
216. 5 737811 750037 13 699260 706572 4 410309 415548
217. 5 766878 780643 13 681693 687554 13 690036 699015
218. 5 769789 781831 13 683660 688978 13 691398 699015
219. 5 789922 827517 5 484427 500656 8 1009858 1028632
220. 5 860245 872172 2 380291 384522 7 891248 894903
221. 5 881665 889626 8 846457 849446 3 439306 441140
222. 5 891885 915095 9 645956 664049 7 488794 503951
223. 5 936850 968229 1 145388 162601 5 273462 284660
224. 5 968674 993105 8 200049 216419 10 617932 630616
225. 5 1008460 1050857 10 50462 88843 5 633372 639820
226. 5 1125573 1134970 10 1058824 1061423 8 706436 713490
227. 5 1177801 1184344 11 121967 126314 9 790086 792341
228. 5 1209218 1218659 5 647086 654839 10 92049 94358
229. 5 1231826 1273903 12 976256 1007875 6 219504 227762
230. 5 1321041 1330381 8 1004900 1009342 5 477209 482930
231. 5 1331095 1338658 12 596534 601578 12 378830 381508
232. 5 1337771 1381383 12 600658 632361 13 626330 630400
233. 5 1349357 1384210 12 606070 633758 11 819369 821907
234. 5 1385802 1397786 6 780118 791508 9 176743 183860
235. 5 1397950 1407194 9 160546 165565 12 744800 752793
236. 5 1406502 1418956 12 735080 745495 9 154612 160229
237. 5 1419922 1441223 2 194461 215538 9 146481 154103
238. 5 1457903 1469959 13 785153 791161 11 86725 91011
239. 5 1469087 1477821 11 90112 95286 2 395822 399442
240. 5 1484752 1503177 13 866454 882508 8 786770 796216
241. 5 1503510 1521395 13 144593 159335 6 321809 330736
242. 5 1519323 1525750 13 141519 146641 8 190804 197907
243. 5 1526177 1561637 3 407265 426410 13 1035054 1059914
244. 5 1559577 1570233 3 403729 409343 8 955495 964630
245. 5 1600015 1625701 6 661325 671451 12 1036568 1051803
246. 5 1621494 1634598 6 660254 664771 12 590178 596184
247. 5 1641507 1670596 11 259855 285774 12 235616 253741
248. 5 1670923 1696524 3 153063 164613 8 279887 295441
249. 5 1697655 1715318 7 262926 265861 8 295680 308477
250. 5 1702717 1730318 8 297272 313545 7 873865 883119
251. 5 1733708 1752304 1 404063 411423 12 122716 130355
252. 5 1751471 1796102 1 410626 432625 9 448237 488349
253. 5 1799331 1815373 9 518933 526099 1 433577 444401
254. 5 1815696 1859456 7 308963 339247 1 445085 460515
255. 5 1856387 1869524 7 335869 342835 3 189501 201796
256. 5 1870154 1883215 13 452677 460739 5 138109 143077
257. 5 1885338 1902105 1 290595 296371 12 1239169 1250064
258. 5 1900927 1922616 1 278467 291704 9 99925 107614
259. 5 1924493 1932017 1 269090 278054 9 93934 99370
260. 5 1931058 1943651 1 264152 270040 12 1230393 1238776
261. 5 1943933 1952545 9 76974 83682 13 859796 862501
262. 5 1954118 1969744 9 53816 62609 12 774846 780873
263. 5 1973522 1989994 12 147817 161764 9 116167 119680
264. 5 1988282 2021349 9 117899 144637 9 271461 285239
265. 5 2037327 2044172 10 549568 554044 8 884592 886701
266. 5 2051146 2063543 13 580648 584786 8 495715 505685
267. 5 2065845 2101071 13 563163 579535 8 506003 532872
268. 5 2101642 2192696 13 630670 676479 8 533744 586826
269. 6 26773 46690 4 634224 641457 4 23693 32868
270. 6 54232 69786 10 677513 686331 9 1073671 1077628
271. 6 70536 87897 10 665599 673529 9 1077815 1084882
272. 6 88262 95305 12 342831 345797 10 662041 665289
273. 6 93422 108683 10 657226 663855 12 334192 344684
274. 6 120001 145774 9 906191 911175 10 465532 485743
275. 6 126312 166530 10 468765 508583 9 898504 904578
276. 6 165790 182510 10 507849 512100 2 319012 330068
277. 6 188816 202426 9 885451 895441 10 460655 464562
278. 6 208858 223718 5 524717 538577 13 1182052 1184443
279. 6 213669 237840 5 514301 535264 13 1173658 1178432
280. 6 280155 290815 13 1374814 1380237 7 14591 19724
281. 6 311639 327231 10 976274 990279 7 804969 813682
282. 6 337386 351460 7 121156 129410 3 136270 142399
283. 6 351716 359915 3 142575 151177 4 125834 131713
284. 6 368275 390244 7 135200 144810 7 246455 258052
285. 6 397611 421052 8 973850 986919 11 1132799 1151705
286. 6 428010 468029 7 822798 854562 10 990695 1002204
287. 6 478044 540359 9 317565 352557 10 879267 912635
288. 6 535675 564866 10 907869 927418 10 597098 612270
289. 6 576687 605622 12 1151884 1160783 9 527038 538259
290. 6 608680 628569 12 1139528 1150311 9 539916 555597
291. 6 633167 649754 3 170694 182799 10 513918 519347
292. 6 644040 657959 3 177284 188487 10 1010761 1014251
293. 6 658475 673094 5 54221 61359 7 749305 756230
294. 6 680589 691490 12 786578 797740 13 959603 963159
295. 6 689786 699380 12 782195 788813 9 50356 52931
296. 6 707516 754460 8 604422 631460 6 88454 120079
297. 6 765209 777572 7 158546 169364 11 103486 106897
298. 6 792545 817837 9 923833 943151 11 722554 736248
299. 6 818541 835637 11 1216079 1225334 6 171213 182980
300. 6 879983 900685 11 664264 681161 6 689331 693255
301. 6 907978 921720 3 300099 304296 1 378874 387066
302. 6 943788 957400 5 47583 53407 3 358731 366862
303. 6 961004 980052 11 681944 700476 6 721308 728454
304. 6 978492 993279 11 698857 705146 6 705576 716735
305. 6 1000899 1013788 12 300308 305846 8 671272 678154
306. 6 1026129 1057103 13 267332 284402 10 352904 363517
307. 6 1068992 1092494 13 219813 240875 8 816990 820383
308. 6 1093680 1106148 12 1300023 1303778 12 712402 718463
309. 6 1143195 1160481 4 181792 198355 11 179166 187847
310. 6 1177776 1180777 8 369916 373573 2 367614 370695
311. 6 1187526 1200210 4 545384 554370 4 317022 320697
312. 6 1201353 1228739 5 457385 474001 3 72387 121681
313. 6 1220679 1246179 3 69396 80435 11 1101728 1114491
314. 6 1251162 1283247 10 116608 135501 11 854143 870380
315. 6 1286151 1315137 12 349871 355885 12 403100 424460
316. 6 1397024 1407436 4 560448 568502 4 350302 352706
317. 6 1406798 1423882 4 343595 350898 8 911146 919955
318. 6 1424591 1463680 4 522559 545052 4 321029 342586
319. 6 1492435 1499645 12 1092916 1096501 11 809979 813049
320. 6 1498362 1527770 12 1095287 1114577 7 170682 184133
321. 6 1525315 1538124 12 1111686 1122079 7 186276 192178
322. 6 1541253 1555107 12 135948 147288 9 107768 114420
323. 6 1559454 1570367 12 763580 773786 9 63365 69090
324. 6 1571290 1624656 11 336673 367043 1 340501 365696
325. 6 1637803 1649127 4 242706 247479 2 138826 145488
326. 6 1657556 1682833 5 331962 345084 7 367226 378525
327. 6 1709034 1727515 8 987346 1002118 11 1154025 1159199
328. 6 1728000 1732529 8 814034 816685 5 401745 405310
329. 6 1734636 1799464 2 154275 175709 12 1304574 1336559
330. 6 1808263 1856719 2 176316 191136 13 1122109 1159440
331. 6 1856924 1873336 12 720723 734599 13 1161812 1170199
332. 6 1874062 1886372 3 305020 311018 12 531918 538496
333. 6 1886914 1904429 12 517372 528417 11 583945 592617
334. 6 1924148 1936200 6 541830 550430 7 800333 804190
335. 6 1936804 1943866 7 504344 510572 7 516813 524050
336. 6 1947379 1959895 10 1115691 1124381 7 524827 533711
337. 6 1975203 2001134 7 408842 421239 12 360022 373120
338. 6 2004309 2022922 13 120294 127094 8 183306 186539
339. 6 2051033 2073926 1 187900 206377 1 258667 263575
340. 6 2100746 2115220 9 862629 866701 7 654936 666740
341. 6 2143618 2162067 6 472760 481514 11 1027333 1039063
342. 6 2165407 2189107 5 539213 558652 13 1201576 1215718
343. 6 2209790 2239788 9 242221 254048 12 440385 475686
344. 6 2240454 2255829 12 1382623 1393190 12 476407 484447
345. 6 2259017 2269074 12 484823 493490 12 1393531 1395160
346. 6 2268391 2278330 12 1394489 1400046 11 942861 949853
347. 6 2292807 2307848 11 129822 141359 3 501476 505970
348. 6 2308342 2317357 13 552160 557696 9 917977 923436
349. 6 2313713 2332845 13 540950 556215 1 387856 392117
350. 6 2341386 2356196 11 754675 768867 6 183385 189094
351. 6 2361279 2370501 12 213115 217706 11 293765 301382
352. 6 2378464 2394126 12 220700 234998 11 230312 233572
353. 6 2404449 2427530 6 646495 658627 12 579578 589756
354. 6 2428360 2459337 6 621735 644835 12 568070 576640
355. 6 2458708 2473575 12 560846 568678 6 610882 618324
356. 6 2477782 2496457 13 1293074 1306064 6 593145 605073
357. 6 2530948 2540713 13 710622 716174 13 1088278 1091239
358. 6 2541110 2562649 12 92346 106888 10 278605 283750
359. 6 2579510 2586146 7 581690 585353 10 558678 561710
